0,6657
1,4821
3,32
3,1176
4,8880
5,3021
5,4775
5,6980
6,930
6,1230
6,1757
6,7619
8,1509
8,7160
9,4980
9,6825
11,636
11,4094
11,5795
11,6936
12,369
12,9381
14,1583
14,8179
15,2565
15,9696
16,1782
16,2609
16,2660
16,3873
17,2084
17,5418
17,6713
17,7148
17,8372
19,9960
20,2801
20,3537
20,9346
21,7486
21,9555
23,299
23,3451
23,5355
23,5603
23,7610
23,8534
24,1429
24,2144
24,6752
24,7195
24,8177
25,840
25,5590
25,9416
26,836
26,8054
27,1361
27,2365
27,9995
29,606
29,6319
29,9972
30,6025
30,7908
31,5448
32,1266
32,1559
32,2581
32,3976
32,6985
33,4928
34,594
34,5231
35,122
35,2998
35,3795
35,6068
36,1916
36,5969
37,5085
37,7332
38,5107
38,9166
39,468
39,7415
40,5851
40,7571
41,5741
42,1364
42,3728
42,4096
43,2042
43,7514
44,117
44,964
44,4311
45,320
45,7637
45,9614
46,1284
46,7228
46,9332
48,1663
48,4163
49,7191
50,1051
51,5415
51,6686
52,8631
54,2879
55,733
55,2328
55,6554
56,9575
59,3422
59,9536
60,9515
61,9041
62,338
62,8654
63,2360
64,308
64,3332
64,7473
64,9038
65,4875
65,5410
65,9024
66,3313
66,5675
66,9073
67,2316
67,4950
67,7327
67,9573
68,623
68,716
69,695
70,626
70,4456
70,4894
70,7129
71,2843
71,7749
72,8820
73,3133
74,7185
74,9378
74,9833
75,595
76,882
76,1172
76,2220
76,3867
76,9940
78,587
78,4608
78,8027
79,8773
80,216
80,4547
80,5303
80,5432
81,3109
81,6654
82,5627
82,6528
83,2216
83,5914
83,8813
84,4983
84,5788
84,6123
84,8398
85,1847
85,3138
85,7930
86,4827
87,424
87,6470
87,8539
88,6700
89,1192
89,4064
89,9734
90,2906
90,6292
90,6366
92,1001
92,2700
92,3981
92,9194
94,392
94,4533
94,8051
94,8111
95,4499
95,7424
95,9107
96,138
96,5286
97,8588
97,8913
97,9008
98,127
98,588
98,6787
98,8188
99,739
99,8926
100,851
100,1816
100,7743
101,1985
101,4733
102,298
102,8062
103,2967
103,6749
105,9353
106,5934
106,9973
109,2481
109,3708
111,1111
111,4660
111,8625
112,3959
112,9935
114,3715
114,5929
115,810
115,8046
116,645
116,1372
116,7556
117,5589
117,5862
117,6721
117,7177
119,4813
120,847
120,2931
120,3919
120,5247
123,7081
124,2220
124,9044
125,9798
126,3263
127,5173
127,7851
127,8202
128,5712
128,5778
128,7060
130,6626
130,8432
130,9636
131,4712
131,7671
132,6611
133,5871
134,1660
134,5067
134,7859
134,8391
134,8497
135,7025
135,8979
136,5022
138,186
138,815
138,5768
138,6575
139,7591
140,345
140,3177
141,4888
141,6946
142,6568
143,2758
143,4778
143,5837
143,7042
144,199
144,1008
144,4846
145,1114
145,1471
146,657
146,2085
146,4579
146,6134
146,7533
146,8370
147,876
147,3302
147,8666
147,9025
148,2984
148,4170
148,6475
148,7000
149,5972
150,8396
151,357
151,1091
152,5135
152,6018
152,7379
152,9858
153,5007
153,6279
155,5732
155,7382
155,8583
156,3462
156,3504
156,5213
156,7042
156,7303
156,9462
157,8945
158,5927
158,8101
159,825
159,3257
160,7546
161,1931
161,1996
161,4501
161,6981
162,2155
162,3920
162,6269
164,4108
164,7422
166,7474
167,859
167,9307
169,9733
170,9411
172,1627
172,6296
172,8330
173,7341
174,6036
174,7192
175,3715
175,6000
175,9165
176,4927
178,5433
179,4324
179,5528
179,9877
180,1323
180,2310
180,2699
180,6877
180,6904
180,8718
181,746
181,4687
181,5582
181,5688
181,7445
181,8014
181,9020
181,9980
182,6254
183,813
183,1517
184,973
184,2857
184,5369
184,9591
186,5295
186,8878
187,1752
187,2403
187,8233
187,8545
188,4687
188,9147
188,9283
189,6156
190,2798
190,4748
190,4822
192,1934
192,9860
193,265
194,6798
194,7813
195,1744
195,4446
195,5576
195,9396
195,9927
196,2514
196,4680
196,6452
196,8812
197,9103
198,764
198,1867
198,3969
198,6351
198,7222
198,9385
199,1103
199,9620
200,2135
201,5187
201,7269
202,8128
202,8334
203,4197
203,5598
203,7417
203,9072
204,287
204,5670
205,1599
206,4690
207,5945
207,8100
208,4272
208,5817
208,6310
209,6878
210,1555
210,6810
211,1826
211,2258
211,2268
211,6399
211,8078
212,7762
213,2907
213,4987
213,6789
213,9465
214,671
214,2078
214,2097
215,410
216,7249
216,8651
217,4213
217,4466
217,5720
217,5903
217,8205
219,6795
219,7702
219,8246
220,587
220,3738
220,8433
222,7766
222,9889
223,1306
223,7505
226,434
226,4632
226,5610
227,9257
228,3795
228,8839
229,2865
229,4431
229,4490
229,4680
229,5966
229,6528
231,2212
233,6512
234,593
234,2269
234,6353
235,4950
235,8105
236,6797
236,7026
236,7936
236,9188
237,407
237,7567
237,9406
238,7934
239,1465
239,1891
239,2095
239,6470
240,1781
240,2419
240,3610
240,7030
240,7137
241,4260
241,6855
243,907
243,2233
243,4750
243,6172
243,6345
243,6386
243,6960
243,9946
244,470
244,7464
245,415
245,1445
245,7884
245,9575
246,1505
247,2440
247,3089
248,6502
248,6924
249,279
249,5955
249,7898
253,1372
253,5537
253,6779
253,7221
253,9529
255,7949
257,9641
258,1527
258,6955
259,2021
259,5554
260,770
260,6243
261,7798
261,8359
262,5217
262,8093
263,9596
264,1203
264,1543
264,2999
264,4249
264,5265
264,9815
265,3081
265,8627
266,9042
266,9285
267,1907
267,6784
267,7203
268,3397
268,5731
268,5970
268,6121
269,292
269,7048
270,6003
270,6812
271,648
271,5440
271,6708
272,2147
272,5749
274,8572
275,7729
277,2388
278,2326
278,9602
279,8970
280,2203
280,6967
282,4293
282,5455
282,9363
283,376
283,4766
283,5704
283,7860
284,4471
284,6535
285,885
286,7475
287,2517
287,3337
287,6003
288,7835
289,442
289,1614
289,4830
289,6533
289,9914
290,1294
290,1964
291,3767
294,679
294,1321
295,3673
295,5381
296,7061
296,7539
297,1498
298,7809
299,1606
299,3572
299,4415
300,893
301,6703
301,6848
302,7317
303,2703
303,4000
305,8885
307,1938
307,2640
307,3440
307,7183
307,7569
309,1078
309,1553
309,5980
310,520
310,1017
310,9664
312,2936
315,2589
315,3382
315,4209
315,4303
315,4894
315,7579
316,1690
316,2502
317,3294
317,6924
318,6941
318,9502
319,2572
319,6153
320,2390
320,7217
321,814
321,5727
323,4608
323,8553
324,792
324,5346
324,7864
324,9557
325,3047
326,1332
326,3268
327,1144
327,6471
328,2379
328,3376
329,8131
330,1854
331,1510
331,2692
331,2693
332,1732
332,3337
332,8042
333,4616
333,9330
333,9600
334,380
334,6885
334,8825
335,4266
335,6276
335,6293
335,7010
336,9966
338,1462
338,9574
339,3693
339,4388
340,9366
341,3491
341,8340
342,1714
342,1851
342,6553
342,8092
343,3165
344,1858
345,2362
345,7532
346,4567
347,3217
347,3338
347,4302
347,9684
349,7273
350,6877
350,7346
350,7902
350,8623
351,1341
351,4422
351,9176
353,7218
354,459
354,901
354,2241
355,7877
356,2919
356,5965
356,6633
357,6223
357,7655
359,1344
359,9736
360,5383
360,5905
361,5924
361,6656
361,7209
362,4966
362,5076
364,2934
364,4135
364,8120
366,369
366,7313
367,5307
367,7404
368,7096
371,4497
371,4761
372,3316
373,3179
373,6754
373,8342
374,1532
374,5114
374,7246
374,7492
374,7885
374,8145
375,1318
375,2320
375,4441
375,4773
375,6488
375,6494
375,6534
375,7065
376,1824
376,4687
376,6718
377,1577
377,1936
378,6895
378,7317
379,2265
379,4644
381,757
381,4730
381,5725
382,4524
382,6347
383,3719
383,7743
383,9571
383,9975
384,4995
385,3103
385,3964
385,5103
386,5266
386,8591
387,1824
387,1988
387,4600
387,6141
387,9883
388,1854
388,6351
390,1213
390,5122
390,5226
390,9648
391,5477
391,7087
392,2101
392,3335
393,677
393,4198
394,4723
394,6746
394,7582
395,1158
395,4727
395,7392
395,8923
396,517
396,6595
396,7040
398,1980
398,2979
399,711
399,6037
400,498
400,5044
400,7056
400,8879
401,1722
402,2397
402,5978
402,6194
402,9761
403,1330
404,1684
404,7244
404,9848
405,3359
405,8522
406,962
407,9651
408,1854
408,1892
408,2514
408,7529
409,838
409,5269
409,8712
409,9915
410,5786
410,6461
410,6652
411,646
411,6884
411,7732
412,3381
412,9435
413,1679
416,543
416,5506
416,6199
416,7588
416,8971
417,1456
418,1195
418,2318
418,2720
420,3913
420,5063
420,6003
420,8464
421,463
421,1569
421,6057
422,8599
423,7504
423,8410
424,4122
424,4543
424,7492
425,1074
425,5307
425,9136
427,9334
428,919
428,1533
428,4649
428,5438
429,9600
430,4320
430,7211
430,8187
432,7439
433,941
433,3281
433,3373
434,7837
434,9511
435,5944
435,8753
436,1866
438,877
438,3274
439,3398
439,6898
441,4800
441,5412
441,5470
441,9090
442,5175
442,5427
442,8182
443,6574
444,5006
444,7837
444,8908
444,9623
446,2091
446,4631
446,7274
446,8101
447,2093
447,6339
447,6964
447,7686
448,587
448,9288
449,1299
449,4286
450,7672
452,3569
452,4454
452,7281
452,8466
452,9878
453,8663
453,9898
454,607
454,6256
455,8467
456,1971
456,2192
456,2363
457,8501
458,3056
458,6469
458,7713
460,605
460,2813
461,499
461,3267
461,6115
462,896
462,6738
463,7199
464,2924
464,7402
464,9848
465,4926
465,7006
465,8343
467,6020
467,6264
467,7219
467,7923
468,8595
469,1965
469,4018
469,7386
470,9389
471,3884
471,3932
473,7444
474,735
474,8413
474,8774
475,7446
475,7588
476,8004
477,4602
478,2432
478,3047
478,5460
478,7908
478,8113
478,9276
478,9714
479,8378
479,8646
480,708
480,7614
480,7781
481,2646
482,8733
482,8765
483,5394
483,6082
483,8797
484,9685
486,8635
487,1984
487,7764
487,9730
488,2726
489,5685
489,7191
490,7974
490,8702
491,7923
492,3415
492,5112
492,7267
493,976
493,7211
494,3827
494,8233
495,3035
495,8301
496,788
496,1402
497,2749
499,3650
500,2133
500,5280
500,5426
500,7107
501,3834
502,2571
502,4797
504,2667
504,8231
505,4410
505,7330
507,996
508,879
508,1651
508,3702
509,4006
509,9779
510,7844
512,1038
512,2997
512,9755
513,2672
514,1618
514,2866
514,4855
514,5559
514,9697
515,3983
515,7154
516,2179
517,2421
517,7971
518,2751
521,2103
521,2279
522,8224
523,5778
523,7149
523,7795
524,1541
525,1152
525,7357
526,6530
526,7616
527,3190
527,6366
528,8415
528,8903
529,6613
529,8781
530,8232
531,8466
532,4793
532,9118
532,9706
533,6529
534,1490
534,1762
534,1983
534,5839
534,8338
536,1092
536,1560
537,4813
538,3465
538,9193
539,1818
540,3881
542,4591
543,1372
544,3651
546,1359
546,4543
547,5782
547,6803
548,4786
549,707
550,4480
551,2943
551,8854
552,5360
552,9992
553,695
553,6403
553,8400
554,7338
555,8472
556,5281
556,8657
556,9956
557,4124
557,4881
557,6944
558,5929
558,8968
559,1151
560,1515
561,9566
562,3884
562,8516
562,8853
563,6253
564,4620
564,5823
564,7998
564,8548
565,9679
566,9763
567,5371
567,7006
567,7352
567,8964
568,858
568,9036
569,682
569,8053
569,9483
570,1064
570,5125
571,1426
571,6454
572,1305
572,3165
573,854
574,5840
575,2561
575,4275
575,8088
576,2234
576,2614
576,5951
576,8237
577,5308
578,6609
578,6814
578,6890
578,7486
579,1261
579,1429
579,1509
579,8821
580,3106
580,7138
580,7458
580,8537
581,1571
581,2666
581,4429
581,7055
581,7060
582,6532
584,2988
584,4098
585,7952
587,3813
588,6240
589,7039
590,5450
590,5722
590,7449
591,3875
592,2117
594,3663
594,8284
596,2903
597,8095
598,9430
599,4182
599,6503
600,3807
600,4288
600,5949
600,8547
601,2845
601,3051
601,3383
601,4429
601,8634
603,3976
603,6140
603,8541
603,9137
604,5254
604,6512
605,3826
605,6088
605,9705
606,1823
606,7375
607,6419
607,7185
608,7964
608,8981
609,634
609,1195
610,833
610,5867
610,7846
612,6130
612,7070
612,7183
613,3258
614,7194
616,5035
617,3303
617,8093
618,1539
618,9372
619,1546
620,5164
620,9328
621,7846
621,8328
621,8716
621,8996
622,1197
622,3356
622,3785
622,4780
623,3513
623,3975
624,821
624,3975
624,5185
624,6186
625,862
626,1991
626,6017
626,8218
626,8351
626,9241
627,8065
628,5676
628,8620
629,1830
630,8304
631,5432
633,5438
633,5539
634,740
634,6037
636,8411
636,9940
637,849
637,7791
638,1450
639,8430
640,4839
641,1826
641,4511
641,7572
642,1752
642,2743
642,8960
644,2813
644,9554
645,5575
645,9940
646,2317
646,6093
647,7311
648,2597
650,2192
650,4052
650,8796
650,9077
650,9998
651,9209
652,1427
652,3318
652,6540
652,8016
654,3720
654,4597
656,3149
656,8079
657,1000
657,1642
657,3227
658,757
659,5963
659,8934
660,2165
660,6812
661,4637
662,8660
665,1202
665,2076
665,4072
665,9703
666,998
666,1549
666,5317
666,8842
667,2337
667,4735
667,5905
667,6563
667,7596
668,8623
669,1199
669,6552
670,5101
670,6502
671,1232
672,811
672,2763
672,4168
673,2072
673,4055
674,6312
674,9484
675,8791
676,7124
676,8822
676,9109
677,2965
677,5074
677,5810
677,6796
677,6868
677,8651
679,1226
679,2727
679,3050
679,8375
679,9819
680,1495
680,1696
680,3924
681,4107
682,2323
682,5026
683,7118
686,9050
687,3410
687,4391
687,7002
688,4751
688,9593
690,6443
691,4978
691,5862
691,6593
691,7538
691,8319
691,8893
692,2875
692,3364
693,1378
694,2474
694,3585
694,3882
694,5305
694,7913
695,1712
696,8980
698,3264
698,3457
698,8281
699,2998
699,3385
699,6851
699,9733
700,5902
700,8362
701,1204
701,2195
701,4539
702,2066
702,8188
703,6930
704,8455
704,9544
705,9146
706,729
706,2217
707,4465
708,4145
708,8728
708,9111
708,9264
708,9538
710,9616
711,2246
711,6072
712,926
713,2982
714,873
714,3146
715,4626
715,8202
716,6557
718,1745
719,1887
719,3883
719,6989
719,7981
720,2789
720,6713
721,2668
721,6090
721,7138
721,7235
722,3909
722,6217
722,6332
722,9204
723,1531
723,2392
723,8023
723,9577
724,1228
726,1806
726,2827
726,3189
726,7239
727,5989
727,6773
727,9986
728,4517
730,2331
730,3975
731,7635
731,8291
733,3811
733,7167
734,2907
734,4842
735,6875
735,7154
736,6915
736,9454
737,800
737,6744
739,5635
739,9907
741,5589
742,2337
742,4029
743,8579
744,7837
745,4278
745,5569
746,6416
746,8884
747,5860
747,9937
748,2474
749,6298
750,8873
751,3464
751,5738
752,1856
752,3471
752,4729
752,9098
753,6323
754,6059
755,2330
755,3055
756,2921
756,8715
756,9945
757,4791
757,7962
757,8130
757,8838
758,2138
759,1895
759,8408
760,2122
760,4705
761,8223
762,795
762,2680
762,5957
762,9270
763,1566
763,6557
763,7828
764,3371
765,8004
766,2985
766,8700
767,1265
767,7366
767,8501
767,8688
769,6065
769,8751
769,8826
770,4737
771,4301
771,9413
772,3389
772,4590
773,3651
773,4929
773,7473
773,9218
773,9569
774,5694
775,5084
776,4123
776,5384
776,9643
777,1911
777,2943
777,5872
778,7159
779,3899
780,5755
781,2248
781,2609
781,9783
782,1315
782,3363
782,4899
782,8585
782,8871
782,9474
783,3421
783,6310
787,1820
787,8928
788,4490
788,7319
788,7676
788,8421
789,1038
789,4682
789,9544
790,1285
790,4128
790,4143
790,5066
791,7003
792,1465
792,3913
793,7749
793,8155
793,8944
794,992
794,7696
795,1776
795,2477
795,2897
795,9623
796,2228
796,7574
796,9480
796,9962
797,5161
797,7257
798,4049
798,5924
799,6232
799,6986
799,8853
800,1548
801,2306
803,4857
803,4902
803,5365
805,9856
806,1433
806,1852
806,5325
806,9707
807,4765
807,5903
808,4764
808,6593
809,7263
809,8380
810,5333
810,7407
813,1057
813,4763
814,6461
815,4911
815,6673
815,7333
815,8660
815,9881
816,4508
816,8624
816,9146
817,4160
818,2878
819,2233
819,8263
819,8820
820,3352
821,992
821,2328
821,9623
822,4086
823,3154
824,3425
825,1201
825,9034
826,4457
827,6689
827,7306
827,7452
827,9286
828,2845
828,3087
829,8575
830,7652
832,9867
833,2642
833,3014
833,9837
834,9415
836,3445
836,8730
837,1535
838,5810
838,9074
839,8808
839,8816
839,9882
840,6985
840,8963
841,3231
841,4890
841,9188
842,6474
843,8524
843,9336
844,6883
844,7629
844,8988
845,2490
845,2755
846,4861
847,3048
847,4755
847,9958
848,5279
849,4201
849,7353
849,8102
849,8949
851,8554
853,4222
853,6023
853,8451
854,2797
855,2092
855,4560
855,8443
856,4266
856,4430
856,7052
857,8883
857,9666
858,5623
859,6452
859,9857
860,3931
861,954
861,1517
862,2483
865,945
865,5237
866,1482
866,3124
867,5221
867,5841
868,5167
868,9863
870,6781
871,1481
871,2956
871,3303
871,5457
872,5771
874,5966
875,942
875,9195
876,2875
878,2121
878,4988
878,5741
878,7133
879,4450
879,6439
881,7136
881,8745
882,6158
882,6716
882,8148
883,7991
883,8872
884,2038
884,7282
885,9517
886,2331
886,5235
887,1119
887,4678
888,1885
889,9790
891,2049
891,3248
892,7892
893,1621
893,3734
894,4203
894,7914
896,8983
897,6613
898,8264
900,5018
900,7388
900,8210
900,8928
901,7109
902,2247
902,2423
902,7641
904,3485
904,6651
904,6971
905,1237
905,2391
906,1437
906,6492
908,1068
908,2568
910,4093
912,1872
912,8713
913,1312
913,1801
913,4706
913,6441
914,5616
915,5229
915,9453
916,2290
916,9180
918,7546
920,9547
921,5913
921,9570
922,9620
923,2417
925,1100
925,2992
925,4361
925,7008
926,1672
927,3610
928,2576
928,4129
931,4106
932,7512
935,4416
935,5596
935,8659
936,1478
936,2915
937,1146
937,5220
938,2171
939,6838
939,8312
940,3563
940,9060
941,9854
942,8123
943,1188
944,7235
944,9216
945,1465
946,2885
946,7899
946,8754
947,6873
948,6239
948,9936
949,976
949,8122
950,1201
950,4400
950,9653
951,3198
951,3502
952,6268
953,5858
953,8311
954,4649
954,4663
954,5696
954,6206
954,6877
955,7988
958,3331
962,6301
962,6800
962,7098
962,8662
963,2073
964,1603
964,9267
966,2298
966,2985
966,6278
968,1317
968,2132
969,8506
969,8750
970,1937
970,2704
970,4084
971,4598
971,8240
971,8489
972,2433
972,6459
973,1383
974,6453
975,3678
975,4646
975,6830
975,7786
976,4143
976,7057
977,4794
978,1593
979,5319
981,1487
982,6845
983,8850
983,9788
984,3005
984,3352
984,5415
985,7354
986,4220
986,8462
988,2156
988,2167
988,5345
989,1492
989,2498
989,6774
990,5673
990,7293
991,5789
992,4491
992,7358
992,8278
993,3641
993,8853
993,8856
993,9598
994,8982
995,5234
995,6699
995,9548
996,2221
996,5705
996,8708
997,1076
997,2119
997,4476
998,6220
998,9632
999,7876
1000,2448
1000,3698
1001,2646
1002,4990
1003,1087
1004,2541
1005,5408
1005,7388
1006,4597
1006,5955
1006,9752
1007,7677
1008,1085
1008,5159
1008,5961
1009,4455
1010,1059
1010,3706
1010,4872
1010,5043
1010,9712
1011,3004
1011,8888
1013,8503
1013,8779
1013,9819
1014,4180
1014,7353
1015,8089
1016,2137
1016,3388
1017,2927
1017,9160
1018,4170
1018,5166
1018,5796
1018,9436
1020,1419
1020,6007
1021,1893
1021,7277
1022,2523
1022,4044
1023,2853
1023,6453
1024,2152
1025,4746
1026,2748
1026,9478
1027,5605
1027,5812
1027,5870
1028,3177
1028,3312
1029,2340
1029,8965
1029,9686
1030,4787
1030,7822
1031,2664
1031,4811
1031,5941
1031,6472
1031,7987
1032,4815
1032,8124
1032,8522
1034,5996
1035,2428
1035,9468
1036,1801
1037,5928
1037,6728
1037,8857
1037,9450
1038,6374
1038,6680
1038,7268
1038,8676
1039,3153
1042,4862
1042,5722
1042,6086
1043,9208
1044,1295
1044,5637
1044,9023
1045,3723
1045,4193
1045,8526
1046,3708
1047,4943
1047,8059
1047,9376
1048,4147
1049,1611
1049,1989
1049,2713
1050,1636
1050,9074
1051,5343
1053,2638
1053,4729
1053,4789
1054,8677
1055,2142
1055,2889
1055,3660
1055,5364
1056,2063
1056,6979
1056,9392
1057,6736
1058,2997
1058,7093
1058,7839
1059,8189
1061,4035
1061,5428
1061,7838
1062,1539
1062,2408
1062,5132
1063,4859
1063,8051
1063,8221
1064,2573
1064,8786
1066,1622
1068,1566
1068,4776
1068,6807
1068,9809
1069,4672
1071,6507
1072,1997
1072,7849
1072,9761
1073,1938
1073,5671
1073,9878
1074,6694
1075,2546
1075,5261
1076,3295
1076,4875
1076,5339
1076,6054
1077,1477
1077,9686
1079,1846
1079,8746
1080,2904
1080,5039
1080,7985
1081,7155
1082,4614
1083,8767
1083,9427
1084,5224
1084,7066
1086,4001
1087,2395
1087,2896
1087,3113
1087,7764
1087,8342
1088,7878
1089,1962
1089,5396
1090,5877
1090,9272
1092,1763
1093,2731
1093,4702
1093,5203
1093,8271
1093,9533
1094,1404
1094,2857
1094,6152
1095,1967
1096,2301
1097,3529
1098,1283
1098,9111
1100,3139
1100,3458
1100,4134
1101,9671
1103,5131
1105,6603
1105,9083
1106,1492
1106,1935
1106,5662
1107,2248
1107,4441
1108,2317
1109,5996
1109,6389
1112,4244
1112,4397
1113,6465
1113,7650
1114,2376
1114,4008
1114,4917
1115,1305
1115,1842
1115,3945
1115,4653
1115,6575
1115,8397
1116,2406
1116,8183
1116,8515
1116,8916
1120,8266
1121,2354
1122,5921
1122,7750
1123,3779
1123,4656
1124,3133
1125,5344
1125,7762
1125,9350
1126,3702
1127,2301
1128,9454
1129,1748
1129,5531
1130,7870
1131,9274
1132,4623
1133,1544
1133,2765
1133,5807
1134,8054
1135,3795
1135,4643
1135,6100
1135,7657
1135,8639
1136,1893
1136,2791
1136,4951
1136,8284
1137,2297
1137,2589
1137,5014
1137,6084
1137,7138
1137,7151
1137,7176
1138,8485
1138,8752
1138,9546
1139,3519
1140,1418
1140,1619
1140,1871
1140,2066
1140,4393
1140,6446
1140,7596
1141,2298
1141,2866
1141,4776
1141,5954
1143,1192
1143,1270
1143,6444
1144,3313
1144,5990
1144,8248
1145,9484
1147,5868
1147,8022
1147,8426
1148,5483
1148,6664
1149,7392
1150,2924
1150,3281
1151,2213
1151,9269
1152,7493
1152,8291
1153,2916
1154,3428
1154,3741
1154,8929
1155,3186
1156,5397
1156,7682
1158,2613
1158,6247
1158,9171
1159,1799
1159,5553
1160,2895
1160,5593
1161,6087
1162,6029
1162,7208
1163,2149
1164,2376
1165,6414
1165,9687
1166,4263
1166,7429
1166,8621
1167,4611
1169,7955
1169,8002
1169,9644
1170,1806
1170,3783
1170,5143
1170,6480
1171,7078
1171,8031
1172,5125
1172,8319
1172,8559
1173,3986
1173,5724
1173,8572
1174,3880
1175,2846
1176,2635
1177,8801
1177,9605
1179,1481
1179,3572
1181,3120
1181,4525
1181,6812
1181,6883
1181,9363
1182,4253
1182,7804
1182,8335
1182,9965
1183,5881
1184,1617
1185,2045
1185,4082
1185,7703
1186,6249
1186,7782
1186,8993
1187,2333
1188,5258
1188,8434
1189,7867
1191,8178
1192,5561
1192,7743
1192,8440
1193,6540
1194,1783
1194,7077
1195,4602
1195,5421
1195,8045
1195,9110
1195,9831
1196,9717
1197,2412
1197,9333
1199,5708
1199,5802
1199,6996
1199,9309
1200,5421
1201,2957
1203,4444
1203,4501
1204,2811
1204,5670
1205,5842
1205,7019
1206,1802
1206,4054
1207,4595
1207,4989
1207,7787
1207,8541
1207,8656
1208,2520
1208,9421
1209,4774
1209,5966
1209,9423
1210,4096
1210,5262
1210,6665
1211,6713
1211,6902
1212,4140
1213,2259
1214,8601
1215,3347
1216,2336
1216,3090
1217,6135
1217,7883
1218,7065
1219,9916
1220,3068
1220,7486
1221,1441
1221,5055
1221,8818
1222,7858
1223,4721
1224,3777
1225,6727
1225,9063
1226,7198
1226,7851
1227,2055
1228,3254
1229,7006
1229,7797
1230,3755
1231,4502
1231,8692
1231,9442
1232,8273
1232,9502
1233,2920
1234,1589
1234,1781
1234,2083
1234,3934
1234,6609
1235,4354
1238,3509
1239,5961
1239,8670
1241,1316
1242,3505
1242,5770
1243,3079
1243,6625
1243,9792
1243,9991
1244,2156
1244,9969
1246,3050
1246,3660
1246,9430
1247,2205
1248,7491
1248,9237
1249,2410
1249,3463
1249,6023
1250,2845
1250,6961
1250,8185
1250,8319
1251,7735
1252,6262
1254,1927
1254,7813
1254,9769
1258,1507
1258,5224
1258,8589
1259,2598
1259,4382
1260,4736
1260,5623
1260,6678
1260,6767
1263,8068
1264,2112
1264,6313
1266,1854
1266,1941
1266,8255
1266,9446
1267,2750
1269,7406
1270,4582
1270,8196
1271,1330
1271,1996
1271,2292
1271,2447
1271,6963
1272,3463
1273,3249
1273,4051
1273,9816
1276,2767
1276,2917
1276,5057
1276,8066
1277,5980
1277,9671
1279,6886
1279,7159
1279,7611
1281,3990
1282,3592
1282,4271
1282,4855
1282,9791
1282,9986
1283,3546
1283,5622
1285,4466
1286,8446
1287,2348
1287,3878
1287,4436
1287,5605
1288,4521
1289,2940
1290,6413
1290,7227
1290,8858
1291,1304
1291,2173
1291,3493
1292,1527
1292,3061
1292,3982
1292,5230
1292,8297
1292,8305
1293,4292
1293,4639
1293,8052
1294,9102
1296,4577
1296,5336
1296,9338
1297,3992
1297,5408
1297,9565
1298,1543
1298,1606
1298,1829
1298,7436
1298,7525
1299,3757
1299,4153
1299,5124
1299,6025
1300,2764
1300,6534
1301,8315
1301,9004
1302,1680
1302,2799
1302,5214
1303,1922
1303,4619
1303,9633
1304,6771
1304,8143
1305,3917
1305,5139
1305,8190
1306,3677
1307,2984
1307,6074
1307,9101
1308,7773
1309,4717
1310,7628
1311,5268
1311,7278
1311,8454
1313,1524
1313,4142
1313,4529
1313,8613
1314,3483
1314,4239
1315,7992
1315,9415
1316,2758
1316,3225
1316,3726
1316,6494
1317,2111
1318,3404
1319,2402
1319,9188
1319,9986
1320,4502
1320,4849
1320,6052
1320,7011
1320,7107
1321,6064
1321,7177
1322,1913
1322,9718
1323,2274
1323,4405
1323,5434
1324,2544
1324,7812
1324,8904
1325,9850
1326,2464
1326,2771
1326,3595
1327,7353
1328,2642
1328,2718
1328,4693
1328,8431
1329,3853
1329,4375
1329,6858
1329,8781
1329,9165
1332,2725
1334,1986
1334,1998
1334,5189
1335,7607
1335,8676
1336,8801
1337,6180
1338,1586
1338,8776
1338,9323
1339,2757
1340,6964
1341,1894
1341,2051
1341,2947
1341,5329
1341,8729
1342,1497
1342,4929
1342,6055
1343,4713
1343,4963
1343,7887
1343,8194
1344,6006
1346,4595
1346,6894
1346,7986
1348,4526
1348,7743
1350,1877
1350,8383
1350,9969
1352,2013
1352,2087
1352,6329
1353,2963
1354,3905
1354,6917
1355,8559
1355,9466
1356,6619
1356,8826
1356,9140
1356,9644
1358,3914
1358,7751
1358,8934
1360,4346
1360,5351
1360,6842
1361,4106
1361,5421
1361,8580
1362,3715
1362,5616
1363,1421
1363,1727
1364,2422
1366,1942
1366,4282
1366,5191
1366,5321
1367,2294
1367,4505
1367,6897
1367,9000
1368,1925
1369,2726
1369,7029
1370,1774
1370,2217
1371,1661
1372,4376
1372,4885
1372,6449
1373,1717
1373,4576
1373,8168
1375,5150
1376,3518
1376,6871
1378,2587
1378,9773
1380,4217
1380,6407
1380,8394
1381,4941
1381,9157
1382,5954
1383,1620
1383,2253
1383,7937
1384,2908
1384,9886
1385,3314
1385,5337
1385,5759
1385,8981
1386,5086
1386,8245
1386,9949
1387,5474
1387,8393
1388,6339
1389,4916
1389,9210
1390,6816
1391,4695
1392,3021
1392,4575
1392,5031
1392,7084
1392,9932
1393,4369
1393,5293
1393,5599
1393,8135
1394,9325
1395,2915
1395,3069
1395,3520
1395,3989
1395,9769
1396,5167
1396,6684
1396,7630
1396,9615
1397,1541
1397,4041
1397,9755
1399,2486
1399,3880
1399,9535
1400,3626
1403,4309
1405,3758
1406,4795
1406,6006
1406,9468
1411,2149
1411,4710
1411,9102
1412,5157
1412,7789
1413,2299
1413,3977
1413,5258
1413,9138
1413,9726
1415,8952
1416,1832
1417,1451
1418,8420
1419,4078
1419,5796
1419,8720
1421,5915
1421,8154
1421,8804
1422,3689
1422,6076
1423,2872
1424,1776
1424,3282
1424,5480
1425,2352
1425,9474
1426,6694
1426,8595
1428,5555
1429,4715
1429,6862
1430,6808
1430,8769
1430,8951
1431,2679
1433,4021
1433,7226
1434,3066
1434,7845
1435,3364
1435,4195
1435,7426
1435,7851
1435,8642
1435,9769
1436,4619
1436,4977
1436,9426
1437,2158
1439,1857
1439,2858
1439,3930
1439,4067
1439,7841
1439,8033
1440,1640
1440,2668
1440,5232
1440,7726
1440,8228
1440,9162
1441,5989
1442,7291
1443,4674
1443,6453
1444,4064
1446,7116
1449,2566
1449,6341
1450,6778
1450,9273
1451,3901
1451,7111
1452,2558
1453,2661
1453,3499
1453,4853
1454,9951
1456,2631
1456,9874
1457,1467
1458,1653
1458,5278
1458,6331
1459,9475
1460,8804
1460,9097
1461,6926
1462,2978
1462,5582
1462,5649
1463,3733
1463,5685
1465,1668
1466,3725
1467,2292
1468,1632
1468,8377
1469,4147
1469,7614
1469,7952
1470,8960
1472,4757
1472,5197
1474,6574
1475,8189
1476,4999
1478,1935
1479,5951
1480,2901
1481,3941
1481,6382
1481,9197
1482,2039
1482,4042
1482,4756
1483,3736
1483,4005
1483,7964
1484,2878
1485,1697
1485,8538
1486,3003
1486,6778
1486,7376
1486,9753
1487,5668
1489,5172
1491,5984
1491,9041
1492,2410
1492,3044
1493,5177
1494,3519
1496,3818
1496,6526
1496,8392
1497,7212
1498,2083
1499,1712
1499,6617
1499,9416
1500,9385
1501,1512
1502,2222
1502,7209
1503,5529
1503,5652
1504,2474
1504,3463
1504,5472
1504,9809
1505,3384
1506,2008
1506,7466
1506,9313
1507,5477
1509,5192
1509,8665
1510,2680
1510,5525
1510,8656
1510,9077
1511,3245
1511,5315
1511,6126
1511,9417
1512,1815
1513,3686
1513,4979
1514,1835
1514,1889
1515,9378
1517,3468
1517,5940
1518,7077
1518,8510
1519,9651
1520,5788
1520,7504
1521,2385
1521,8650
1522,6721
1522,9619
1524,2824
1524,8355
1525,1673
1525,6202
1526,5564
1527,2543
1527,4226
1527,6812
1527,8171
1528,5354
1528,9008
1528,9607
1529,3179
1530,5729
1530,6598
1530,9399
1531,7425
1531,9069
1532,5653
1533,8684
1535,3625
1535,4720
1535,5751
1536,5314
1536,7684
1536,9785
1537,3602
1539,1865
1539,1953
1540,7536
1540,8042
1540,9887
1541,9126
1541,9734
1542,6206
1542,8373
1543,2781
1544,5854
1544,9898
1545,3738
1546,8030
1546,9816
1547,1705
1548,1639
1549,2895
1549,8294
1550,6060
1550,7123
1550,8656
1551,6859
1552,6544
1552,6588
1552,9667
1553,4049
1553,6128
1553,7032
1553,7589
1553,9216
1554,4213
1554,6569
1554,8709
1555,4940
1555,6860
1555,9315
1556,2041
1556,7009
1556,8995
1560,6116
1561,4640
1561,6932
1562,3238
1562,5725
1565,2254
1565,9445
1568,2368
1568,4351
1569,3318
1569,5581
1569,6920
1569,9580
1572,1596
1572,8684
1573,6430
1573,8254
1573,9501
1574,8411
1575,6275
1576,3440
1577,7151
1577,7249
1577,9999
1578,2463
1578,7970
1579,7642
1579,8282
1579,8887
1580,1699
1580,2370
1580,4449
1580,6335
1581,4461
1582,8372
1583,2679
1583,7750
1584,2034
1584,3568
1584,4211
1585,5889
1585,7729
1586,7032
1586,9725
1587,5061
1587,5273
1587,5381
1587,7651
1587,9470
1588,4252
1589,1803
1589,6775
1592,3159
1592,4615
1593,3157
1593,6280
1594,4784
1594,4854
1596,1774
1597,1667
1597,2807
1597,8339
1598,5001
1599,2798
1599,5961
1600,3229
1601,5579
1602,1900
1602,8033
1603,5575
1603,9912
1604,4124
1605,2530
1606,3798
1607,7755
1607,7987
1609,3064
1609,5441
1610,4412
1610,8458
1611,2349
1611,5204
1611,7935
1612,7769
1613,5434
1614,2362
1614,4164
1615,2911
1616,3491
1616,4472
1616,9153
1617,6278
1618,3019
1618,7029
1618,7571
1620,6985
1620,7731
1621,2862
1621,5215
1621,7005
1621,7235
1621,9856
1622,5569
1622,7066
1623,4786
1623,6172
1623,8658
1623,9972
1624,5400
1624,6525
1624,7861
1624,7899
1626,9796
1627,4602
1627,7311
1627,8121
1627,9045
1628,2489
1628,6404
1629,5849
1629,9044
1631,6909
1632,7521
1632,8189
1632,8878
1632,9951
1633,7402
1634,2239
1634,3828
1634,6470
1635,3224
1636,4449
1637,9376
1638,4933
1638,9829
1639,8879
1639,9806
1640,2815
1641,5501
1643,5459
1643,8854
1645,2604
1645,5697
1645,5716
1646,2551
1646,8648
1647,5931
1647,9857
1648,8035
1649,2698
1649,2918
1649,5021
1649,8441
1651,6225
1652,3539
1653,7391
1654,5707
1655,1884
1655,7216
1656,2431
1657,4294
1659,5460
1661,2091
1661,2500
1661,4545
1661,5084
1661,6764
1661,9307
1662,2381
1662,4508
1663,3800
1664,6773
1665,5482
1667,7992
1668,6174
1668,8222
1668,8391
1668,9003
1669,2722
1669,3039
1669,5324
1670,5229
1671,7120
1672,1933
1673,6329
1673,6335
1673,9207
1674,2289
1675,2717
1676,3113
1677,3954
1677,4292
1678,5295
1678,6153
1679,6469
1679,7805
1680,7532
1681,1843
1681,2343
1682,8675
1683,8456
1684,2060
1685,2049
1685,7929
1685,9984
1686,5662
1688,2592
1688,3183
1688,4073
1689,5385
1689,7104
1689,7213
1690,2872
1690,3343
1690,4392
1691,7682
1692,3210
1692,6364
1692,6850
1692,7392
1693,5757
1695,3985
1697,5289
1698,4137
1698,9954
1699,6070
1699,7058
1699,9567
1699,9631
1699,9748
1700,4742
1700,6199
1700,7425
1700,7562
1700,9934
1701,5424
1701,9405
1702,3787
1702,8272
1703,7250
1704,2844
1705,6213
1705,7214
1705,9792
1707,1726
1707,8486
1708,8152
1708,8395
1709,5567
1709,8155
1710,6210
1710,6679
1711,3696
1711,4447
1711,5433
1711,8726
1713,2374
1715,5521
1715,8538
1716,1836
1716,6820
1718,4868
1718,9637
1719,4959
1720,3208
1720,7043
1720,7994
1720,8022
1721,3516
1721,4548
1722,2996
1723,3444
1725,3664
1725,4137
1725,4959
1726,6384
1727,9532
1728,8038
1730,6678
1731,5674
1731,6466
1731,7250
1732,2583
1733,3571
1733,5438
1733,7315
1734,4519
1735,4193
1735,7925
1736,2455
1736,8975
1737,2639
1737,5657
1738,1747
1738,5389
1738,9946
1741,8410
1741,8575
1741,8786
1742,4451
1743,1862
1743,2112
1744,2115
1744,4277
1744,7117
1746,4617
1746,5438
1746,6621
1746,7029
1747,6728
1747,9691
1748,3890
1748,4410
1749,4706
1750,9950
1751,3870
1751,4359
1751,7834
1751,9819
1752,2518
1752,8526
1753,7301
1754,6443
1754,8265
1754,9477
1755,3631
1755,8965
1756,8750
1756,8754
1758,1919
1758,3966
1758,8492
1758,9235
1759,3281
1759,9222
1760,5993
1760,8741
1761,2578
1762,2743
1762,5068
1762,5543
1765,2418
1766,4183
1767,3603
1767,9644
1768,3130
1768,5325
1768,8921
1770,2913
1770,4058
1771,6820
1771,9076
1772,4520
1772,7608
1773,3522
1774,3051
1774,7856
1774,9240
1775,2887
1776,1805
1777,5927
1777,8862
1779,7693
1779,9743
1782,4732
1783,3854
1784,3724
1784,4091
1784,6512
1784,6637
1784,6724
1784,7401
1786,2026
1786,8203
1786,8451
1788,4179
1788,9167
1789,2604
1790,5649
1790,6178
1791,8819
1792,6567
1793,6784
1794,3168
1794,5234
1794,7714
1795,2403
1795,4200
1796,3552
1796,5332
1799,2676
1799,6389
1800,5446
1801,4737
1801,6897
1801,7445
1802,6094
1804,6337
1804,7766
1806,7797
1807,8944
1808,9911
1809,3797
1810,6668
1811,4096
1812,2701
1812,4211
1812,4414
1813,4419
1814,2425
1814,5074
1815,2510
1815,3612
1815,8952
1816,2451
1816,4066
1817,4141
1817,5185
1817,6974
1818,5161
1819,2324
1819,3249
1819,7324
1819,8843
1820,4045
1823,3686
1823,8084
1824,6457
1826,8687
1827,9016
1828,5644
1828,6667
1829,2625
1830,2358
1830,5634
1832,2565
1832,7767
1835,2955
1835,3049
1836,2794
1836,5197
1836,6133
1836,9213
1836,9474
1837,1969
1837,8764
1838,8204
1838,9781
1839,2458
1839,8159
1840,3262
1841,7520
1842,3872
1842,5608
1842,5659
1843,2937
1843,5734
1844,2865
1844,5366
1845,6638
1845,8891
1845,9547
1846,3917
1846,5923
1847,2315
1847,2401
1847,2597
1847,7014
1850,2622
1850,5406
1850,6703
1850,7712
1854,7707
1855,2221
1855,2692
1855,2787
1855,4752
1856,9175
1858,4376
1858,9250
1859,3936
1859,4151
1859,7448
1859,8864
1859,8947
1860,3548
1860,5427
1862,3005
1867,2728
1867,5537
1867,8510
1868,4920
1869,2828
1869,7467
1869,7811
1870,3047
1870,3701
1871,3938
1871,8535
1872,6132
1873,9002
1874,5268
1874,6634
1875,3780
1875,9505
1878,7175
1878,8851
1879,4228
1879,6637
1880,2901
1880,9654
1881,3000
1881,7299
1882,5445
1883,2447
1883,2823
1883,6935
1884,4646
1885,7419
1886,2196
1888,2344
1888,6996
1888,8753
1889,3092
1889,6808
1889,6847
1889,8229
1889,8318
1890,5298
1890,7501
1891,2885
1891,5744
1891,9402
1892,4876
1892,5024
1894,2370
1894,3274
1894,5381
1894,5628
1894,7186
1895,7033
1896,3190
1896,5355
1897,8672
1898,9124
1899,4411
1899,4625
1900,3781
1901,3530
1901,3885
1901,5414
1901,7268
1901,8855
1901,9227
1903,4789
1904,2748
1904,6206
1904,9759
1905,4288
1906,4616
1907,2710
1907,8877
1908,3300
1908,5920
1909,2016
1911,3803
1911,5842
1912,3807
1912,9234
1913,2966
1914,4235
1915,5365
1915,6940
1915,9136
1917,2211
1917,7984
1917,8893
1919,5262
1919,8359
1923,5552
1925,7012
1925,9125
1926,4503
1926,7197
1927,5570
1927,9319
1928,3990
1928,4267
1928,7212
1929,2501
1932,5300
1932,8696
1933,2087
1933,3485
1934,4016
1935,5391
1936,7645
1936,8022
1937,2250
1937,5265
1937,9344
1937,9567
1937,9962
1938,2624
1938,4943
1938,6296
1938,7243
1939,4911
1939,8559
1941,8733
1941,9324
1942,6233
1942,8455
1943,7103
1943,9792
1945,2462
1946,7730
1947,7624
1947,9599
1948,3045
1949,9806
1950,4515
1950,8110
1951,8620
1951,9538
1952,5523
1952,9013
1953,2885
1953,3130
1954,2265
1954,6621
1954,9750
1955,3200
1955,6104
1956,4458
1956,9153
1957,2121
1957,4230
1957,5561
1957,8643
1958,3146
1958,7708
1959,7439
1959,8991
1960,4564
1960,7091
1961,3510
1962,8775
1963,2929
1963,3580
1963,6037
1963,7035
1963,8909
1963,9478
1964,3965
1964,6444
1965,4143
1968,9188
1969,2511
1969,3624
1969,4409
1969,4527
1969,7323
1969,7960
1971,6298
1972,3454
1972,3822
1974,7433
1974,8694
1974,8845
1975,2577
1975,3950
1975,4864
1975,5853
1976,3041
1976,8581
1977,4167
1978,5341
1980,4175
1982,6311
1982,9320
1982,9449
1983,6449
1983,7548
1983,8983
1983,9494
1984,3657
1985,2850
1985,7954
1986,5710
1986,7681
1990,2721
1990,3274
1990,9355
1991,4685
1991,8109
1992,5179
1992,7809
1992,9205
1994,2462
1994,3357
1994,5098
1995,2421
1995,4877
1997,3350
1997,4269
1997,8889
1998,9194
2001,2206
2001,4931
2001,5412
2002,6256
2002,9929
2003,4590
2004,4961
2005,2022
2005,4627
2006,6663
2006,8148
2007,2749
2009,6027
2009,6308
2010,4955
2010,5501
2011,5636
2013,6581
2015,4612
2017,7948
2018,2208
2018,4167
2018,6490
2018,8662
2019,2123
2019,2766
2019,2872
2019,4278
2019,8663
2019,9806
2020,2158
2020,2455
2021,4343
2021,5502
2021,6678
2021,8465
2023,8967
2024,2553
2024,7093
2026,5223
2026,9800
2028,2346
2028,8625
2028,9557
2032,5701
2033,3399
2034,2784
2034,5299
2036,4721
2036,9346
2038,7066
2038,8005
2038,8836
2039,4046
2039,5765
2040,2296
2042,2497
2042,2895
2042,5968
2042,6742
2042,7369
2042,8525
2042,9067
2043,9014
2044,2720
2044,3959
2044,6590
2044,9387
2045,4493
2048,2944
2048,5483
2048,6525
2049,8434
2049,8764
2049,8862
2050,7947
2051,6622
2051,8266
2052,2164
2052,7802
2053,3418
2053,3597
2053,3852
2053,7833
2054,5621
2055,9007
2056,3360
2056,4090
2057,3434
2058,3057
2058,4824
2059,9875
2060,3604
2060,3810
2061,8135
2064,2893
2064,6185
2066,2967
2068,2243
2068,2801
2068,2859
2069,8365
2070,4562
2071,2235
2071,5098
2071,5900
2073,2389
2074,6158
2074,6493
2074,7766
2074,8493
2075,7951
2075,7972
2076,4321
2076,9135
2077,4517
2078,8858
2079,9532
2081,4822
2081,5176
2083,4904
2083,6516
2084,2244
2084,7923
2085,2674
2085,5631
2086,2999
2086,9841
2087,7828
2087,8782
2088,5578
2090,2453
2090,6297
2090,8936
2091,2823
2091,7368
2091,8411
2092,2905
2094,3662
2094,4313
2094,6995
2094,8255
2095,8764
2095,9511
2096,4842
2096,8614
2097,2159
2097,3349
2097,4109
2097,4749
2097,8700
2098,8450
2098,9379
2099,5305
2100,2206
2100,5175
2100,7569
2102,3566
2103,4169
2103,7503
2104,2863
2107,6073
2109,3871
2109,6250
2110,4262
2111,2962
2111,4249
2111,8384
2111,8623
2112,5385
2113,3274
2113,4017
2114,6309
2114,7524
2115,3423
2115,4220
2116,2385
2116,2540
2116,5331
2116,5607
2116,6283
2116,6505
2117,4789
2119,4047
2119,5819
2120,9876
2121,2251
2121,9977
2122,5075
2123,6847
2123,9370
2124,5020
2124,7752
2128,9836
2129,5807
2129,9436
2130,5879
2132,3562
2136,7230
2136,8084
2137,2449
2137,9367
2138,6218
2138,8432
2139,3228
2139,8954
2140,4212
2140,7019
2141,2156
2142,4293
2142,6260
2143,4667
2143,5473
2143,6490
2145,3030
2145,4138
2147,4192
2147,5269
2148,4804
2149,3176
2149,8442
2149,8663
2150,4354
2150,6012
2150,8335
2152,3100
2153,3930
2155,8391
2156,5154
2157,2187
2157,7107
2158,3366
2158,8033
2159,6619
2159,7791
2159,8487
2160,7890
2160,9147
2161,6170
2161,6559
2162,9032
2163,9391
2164,2847
2164,4475
2164,7090
2165,4278
2165,8028
2168,5276
2168,5907
2169,3121
2169,7249
2169,9302
2171,4157
2172,8609
2173,9111
2175,6391
2176,8252
2178,8510
2179,6601
2180,4277
2180,4713
2181,2986
2181,5703
2181,8291
2182,6420
2182,9343
2182,9810
2184,8775
2185,2869
2185,6235
2185,8473
2186,4502
2187,3234
2187,3634
2187,7150
2188,9450
2189,4105
2190,2685
2190,2889
2190,4636
2192,8359
2193,5953
2194,4054
2194,7393
2194,8284
2194,8934
2194,9534
2195,8579
2196,3272
2197,2503
2198,4468
2198,5895
2199,3326
2200,4830
2200,8659
2202,3461
2203,4392
2203,9817
2204,9744
2205,4627
2205,7656
2205,8665
2206,4450
2206,7339
2206,7781
2209,5781
2209,7957
2210,2711
2210,9477
2211,2476
2211,9570
2213,4193
2214,4972
2214,7848
2215,5215
2215,9031
2216,7430
2216,8259
2217,7859
2218,3942
2219,8898
2220,3255
2221,3658
2221,6810
2221,7759
2223,6309
2223,7281
2223,8911
2223,9534
2224,7226
2226,8639
2227,3476
2227,3826
2227,8990
2228,4747
2228,7401
2228,7612
2231,8119
2231,9126
2232,7627
2233,3604
2233,5147
2234,6348
2234,6548
2234,8492
2234,8885
2235,8106
2236,5255
2236,5358
2236,6064
2236,7001
2237,2461
2238,3943
2238,4497
2239,2391
2239,4739
2239,5349
2241,7321
2242,3352
2242,7928
2243,9705
2244,4703
2244,8574
2244,9148
2245,2561
2245,9620
2245,9779
2246,5876
2247,3128
2248,3299
2248,5151
2249,4190
2251,6841
2251,8853
2251,9622
2252,4740
2253,4757
2254,4063
2256,3018
2256,5027
2257,5353
2259,6432
2262,5815
2263,4965
2263,8451
2264,2335
2264,4234
2264,8909
2264,9840
2265,6114
2265,8296
2266,7920
2267,6706
2268,2484
2268,3950
2269,7321
2272,5493
2273,2527
2273,4157
2273,4862
2274,3472
2274,4898
2274,6725
2274,7215
2274,7945
2275,3044
2276,2934
2276,2960
2277,2315
2277,2446
2277,2972
2278,9353
2279,5922
2279,7138
2279,8644
2280,3817
2280,5292
2282,3700
2282,5999
2282,9199
2283,2304
2284,2364
2284,8191
2285,2669
2285,4406
2285,7424
2286,3424
2286,4352
2287,4279
2287,5454
2288,2362
2288,9669
2288,9777
2289,2576
2289,5455
2290,6020
2291,3535
2291,9725
2292,7288
2293,4929
2294,4766
2294,8418
2295,4648
2295,7414
2297,7612
2298,4431
2298,9408
2299,2537
2299,4667
2300,6812
2302,5248
2303,7769
2304,5702
2305,7553
2305,7595
2306,3606
2306,3637
2306,6473
2307,8510
2308,3975
2309,2661
2309,9109
2310,5196
2310,5591
2310,7999
2311,3536
2311,6999
2312,6245
2313,3239
2313,3406
2313,7011
2314,2542
2314,7058
2315,9913
2315,9980
2316,6134
2316,8278
2316,8594
2318,9859
2319,5060
2320,3551
2320,6260
2321,2495
2321,3532
2324,6116
2324,6178
2324,8217
2325,6443
2326,9225
2327,7242
2328,3620
2328,4286
2329,7382
2329,8201
2330,5021
2330,8645
2330,8786
2331,4865
2331,7523
2332,3821
2333,2534
2333,3086
2333,6702
2335,4861
2335,5342
2335,9347
2336,4822
2337,4521
2338,7176
2339,7056
2340,2949
2340,4205
2340,7086
2340,7430
2342,5909
2346,7492
2347,6937
2348,2544
2349,2623
2349,4714
2349,4746
2349,6450
2349,7945
2351,3572
2351,5760
2352,2393
2353,9846
2354,4633
2355,6121
2357,7173
2358,4756
2358,5413
2358,8551
2359,7936
2359,8275
2360,5101
2362,3458
2363,5418
2364,7567
2364,7989
2364,9900
2365,2544
2365,6061
2366,6092
2367,4837
2367,5426
2367,6153
2367,9910
2369,9775
2370,2611
2370,6179
2371,9844
2372,4746
2375,5725
2376,5236
2376,6261
2377,7794
2377,9226
2379,5724
2379,7386
2379,9712
2380,3583
2381,2523
2381,4763
2381,5653
2382,3971
2383,3351
2383,5252
2384,2563
2384,7193
2386,5270
2388,4784
2389,9395
2390,5930
2390,6389
2391,3501
2391,8496
2391,8792
2392,6336
2392,8623
2393,4067
2393,8937
2394,7693
2394,9582
2395,2646
2395,8978
2395,9786
2396,4589
2396,8366
2396,9468
2397,3822
2397,4326
2397,5733
2398,6124
2400,3953
2402,4689
2402,7080
2402,7293
2403,5894
2404,3480
2404,9816
2405,6129
2405,6178
2406,6849
2406,9685
2408,5686
2408,8225
2408,9490
2409,8436
2410,2436
2411,5934
2412,3849
2412,8383
2414,5475
2415,6561
2416,4356
2418,8781
2419,4378
2420,6066
2421,4968
2423,4027
2423,6310
2423,7591
2424,2633
2424,3116
2426,6277
2426,6683
2426,8020
2426,8077
2426,8897
2427,4061
2427,8150
2428,3344
2428,5057
2428,5947
2431,4067
2431,9778
2432,5389
2432,8694
2432,9095
2433,5301
2433,5632
2433,5771
2433,9059
2434,3234
2434,5572
2435,5871
2436,5346
2438,8027
2438,9300
2439,7935
2439,8460
2440,5593
2442,4210
2443,5367
2444,5346
2444,6220
2445,8634
2446,3763
2446,6311
2446,9664
2447,6043
2447,8022
2447,8293
2447,9539
2448,5109
2448,5886
2448,7289
2448,8820
2449,9937
2451,9553
2453,7597
2453,8288
2453,9623
2455,3179
2455,4911
2455,5228
2455,7434
2456,8705
2458,5804
2458,6323
2459,3811
2459,6150
2459,8162
2459,9646
2460,9056
2462,7937
2463,4564
2463,7906
2464,2511
2466,5044
2467,6281
2469,5511
2469,7840
2469,8951
2470,4134
2471,2924
2471,9301
2474,4488
2474,6669
2474,9799
2475,3435
2475,7697
2476,7056
2476,8250
2477,3873
2478,2584
2478,5377
2479,7983
2480,4620
2480,8992
2482,7116
2483,4227
2484,3660
2484,6030
2484,7765
2485,6363
2485,9445
2486,2564
2486,6494
2486,7010
2487,6503
2488,3364
2490,6565
2491,5469
2491,5564
2492,7645
2495,3670
2495,9190
2495,9399
2495,9763
2496,3037
2496,6789
2496,8836
2497,4500
2499,9176
2500,5801
2500,7525
2501,4303
2501,5595
2502,5810
2502,7907
2503,8668
2503,8857
2504,2884
2504,5443
2506,4378
2507,4946
2507,7181
2507,7220
2507,9530
2508,3007
2508,7181
2508,7686
2510,8712
2511,4855
2512,9704
2513,3766
2513,5240
2514,7318
2515,3103
2516,3711
2516,6160
2518,5681
2518,9290
2521,6526
2523,3061
2523,5023
2523,6493
2524,9027
2524,9880
2525,4747
2526,2685
2526,5056
2528,3574
2528,6277
2528,7345
2529,7178
2529,8249
2530,8202
2530,8213
2531,6577
2534,4194
2534,8614
2536,3854
2537,3866
2537,4766
2537,8734
2538,4429
2538,7134
2538,9195
2539,2712
2542,3525
2543,3470
2543,6646
2546,4489
2546,4678
2546,9618
2548,2592
2548,4326
2550,5352
2550,6802
2552,4704
2554,4959
2554,7102
2555,3117
2555,3922
2555,8241
2556,6973
2556,8053
2557,5026
2557,6677
2557,8923
2558,4237
2558,5011
2558,7935
2559,6155
2560,3990
2561,8602
2562,7513
2563,2794
2563,8614
2564,2570
2564,2723
2564,4518
2564,9304
2566,4549
2569,8056
2570,3037
2571,3593
2571,9762
2572,3852
2572,5965
2574,3623
2575,4003
2576,4220
2577,3166
2578,3756
2578,9457
2579,4571
2579,8794
2581,6929
2583,3613
2583,3669
2583,5488
2584,6425
2584,6816
2584,9535
2585,3884
2587,7997
2591,9425
2593,3972
2593,4941
2594,4293
2594,8139
2594,8532
2594,9977
2595,2926
2595,9930
2596,4434
2596,5477
2596,6138
2596,6990
2596,7309
2598,5147
2599,5433
2600,2696
2600,7374
2601,2781
2601,6402
2602,4883
2604,3011
2604,9646
2605,4040
2608,2700
2608,4266
2608,4717
2609,7345
2609,9312
2611,3297
2611,4368
2612,9911
2613,3155
2613,3780
2613,4771
2615,6068
2616,5280
2616,7307
2617,4141
2617,5863
2618,2984
2619,4541
2619,9777
2620,6047
2620,7561
2622,7188
2623,7906
2625,4867
2625,9322
2626,7372
2627,3130
2627,3666
2628,7452
2628,8599
2628,9069
2629,7606
2629,7923
2629,9751
2630,3522
2630,4690
2631,9615
2632,7175
2632,7554
2633,5231
2633,5530
2633,5641
2634,3855
2634,7881
2635,6011
2636,4002
2636,8854
2636,9279
2637,5681
2637,6627
2637,9314
2638,5208
2638,6054
2640,5703
2640,8304
2640,9738
2642,8306
2643,4684
2643,6640
2644,4955
2644,5135
2644,7758
2646,7280
2647,9046
2648,6908
2649,4680
2649,6911
2650,3026
2650,3831
2650,9041
2651,8416
2654,3744
2655,5427
2655,8827
2656,3220
2657,2739
2658,9170
2660,7166
2660,8733
2661,5088
2662,2852
2662,6937
2662,7605
2662,9161
2663,9126
2665,9051
2666,5096
2666,6522
2667,3849
2667,6338
2668,5646
2670,4242
2670,6671
2671,7935
2672,5775
2672,8003
2674,2999
2674,4036
2674,6827
2675,3953
2675,8348
2676,7522
2678,6999
2679,4154
2679,9422
2680,4829
2682,4401
2682,8061
2684,6636
2684,8821
2686,6878
2687,5984
2689,8034
2690,3784
2690,5438
2691,4304
2691,4860
2692,8118
2692,8276
2692,8838
2692,9719
2694,8129
2695,8171
2695,9368
2696,8143
2697,6474
2699,7770
2699,8964
2700,7163
2700,7570
2700,9674
2701,9975
2702,4981
2703,8465
2704,7933
2704,8209
2705,4909
2705,7203
2706,3452
2706,3601
2708,8366
2708,8934
2709,4697
2709,6337
2709,7587
2711,5702
2711,6155
2711,6592
2711,7133
2711,8919
2711,9443
2712,5484
2713,3584
2713,3803
2713,7249
2713,9879
2714,3779
2714,6231
2715,3703
2715,4503
2715,4531
2715,6852
2717,3295
2718,5537
2718,7114
2719,8095
2721,4196
2721,7148
2722,2766
2723,3009
2723,3323
2724,2790
2724,4512
2725,4816
2725,6093
2726,5875
2727,9889
2728,9449
2729,3889
2730,6165
2731,3236
2731,4733
2731,8692
2732,8118
2732,8956
2734,3114
2734,4284
2734,4513
2735,9990
2737,4817
2737,5710
2737,8106
2737,9129
2738,4059
2738,8209
2738,9303
2739,5639
2739,9102
2740,2799
2742,4567
2742,5384
2742,9070
2742,9106
2744,8643
2744,8777
2744,9397
2747,5387
2748,7623
2748,8621
2749,3501
2749,5924
2750,5427
2750,6981
2750,9454
2752,5473
2752,9450
2753,6692
2754,5470
2755,6921
2756,5890
2756,6402
2756,6655
2756,7210
2758,4024
2759,7894
2760,5023
2760,6439
2760,7083
2761,3229
2761,5905
2761,7973
2762,4051
2762,9618
2762,9858
2764,5396
2765,7113
2765,7162
2765,7673
2765,8201
2766,4678
2767,2998
2768,7513
2769,7005
2769,9611
2770,4487
2771,5994
2772,9401
2774,7463
2775,5634
2776,2878
2776,4778
2776,9124
2777,5716
2778,6129
2780,4040
2780,8564
2781,6711
2782,2914
2782,9539
2784,4186
2784,6464
2785,4036
2786,3304
2786,9955
2788,9936
2789,4300
2789,7851
2791,6292
2791,8630
2792,4030
2792,4464
2792,9182
2792,9829
2793,3854
2794,6548
2795,7960
2796,3219
2796,7088
2796,9666
2797,3031
2798,7580
2799,4192
2799,8605
2802,7411
2802,9094
2803,6536
2804,5455
2805,4651
2805,6378
2805,8051
2805,8735
2806,4996
2806,8288
2806,8535
2806,9485
2807,5106
2807,7568
2808,6430
2808,7359
2810,3534
2810,3542
2810,5763
2810,7522
2811,4583
2811,5428
2812,3545
2812,6084
2813,8637
2814,8718
2815,3643
2816,5324
2817,6055
2817,9885
2818,5888
2818,7012
2819,5114
2819,9578
2820,5115
2820,7865
2821,5497
2821,8043
2822,4387
2823,3344
2823,8989
2824,7747
2824,8981
2826,4705
2826,5362
2826,8196
2827,5389
2828,4150
2828,5097
2829,3344
2829,5732
2829,6627
2829,7058
2830,7040
2831,9401
2832,3751
2832,6588
2832,9580
2833,5648
2833,6380
2834,6775
2836,6248
2836,6866
2836,8813
2838,3465
2840,3782
2842,2979
2843,4386
2843,6414
2844,9560
2845,5219
2845,7140
2846,6542
2846,7061
2846,9881
2847,3140
2847,6447
2847,8483
2848,6557
2848,9621
2849,8153
2850,4189
2850,4533
2850,8388
2850,9633
2852,3441
2852,7843
2852,9672
2853,3233
2853,4000
2853,8373
2854,7753
2854,9021
2855,7918
2855,9620
2857,9236
2857,9667
2859,6979
2861,3645
2862,2972
2862,3845
2862,6054
2863,4771
2863,5636
2863,5804
2864,3765
2865,2960
2865,8767
2865,9718
2868,7763
2868,9954
2869,9784
2870,9736
2871,3599
2871,6023
2871,7149
2871,7304
2871,7730
2871,8678
2872,3876
2872,9057
2873,2929
2875,4144
2875,8255
2878,7591
2878,7856
2879,3125
2879,9292
2881,2906
2882,3683
2882,7752
2882,9235
2885,7387
2885,8679
2886,8807
2887,6696
2887,7130
2888,3160
2889,5349
2889,7087
2890,7518
2891,7168
2894,7851
2896,6448
2896,6698
2896,9740
2897,6169
2898,6513
2898,9833
2899,5971
2899,8338
2900,5782
2900,8462
2901,5338
2902,6131
2902,7401
2904,6714
2905,6037
2905,8478
2906,6886
2907,3420
2907,4874
2907,7409
2907,8781
2908,9030
2910,4940
2910,5910
2911,6517
2913,6346
2913,9107
2914,3076
2914,8592
2915,7224
2915,8554
2915,9653
2916,8936
2917,6111
2919,6684
2919,8287
2919,9457
2920,4066
2921,9344
2922,7212
2923,9521
2924,6099
2925,7726
2926,4346
2927,3740
2927,7184
2927,7419
2928,4522
2929,5812
2930,4132
2930,6042
2931,5134
2931,8034
2933,9170
2934,6771
2934,6946
2935,8361
2936,7251
2937,5545
2937,6018
2938,3707
2940,8152
2942,4861
2942,9189
2944,5786
2944,8892
2944,9031
2945,3154
2946,6013
2946,6812
2946,7711
2946,9524
2947,3547
2947,9201
2949,4362
2949,6993
2951,2997
2951,7496
2952,6678
2952,7184
2952,7816
2953,9420
2954,5024
2954,9093
2955,9553
2956,6752
2956,8038
2957,8432
2958,4354
2958,7507
2958,8657
2959,5917
2959,8188
2960,5300
2962,6267
2963,3753
2963,7060
2964,9400
2965,8141
2966,3878
2966,4112
2966,4347
2966,9336
2967,5245
2967,6283
2967,6525
2967,6564
2967,6605
2967,9943
2968,3325
2969,7258
2970,6589
2971,3922
2972,3975
2974,6247
2974,6342
2975,5386
2976,4333
2976,5149
2977,8481
2978,7571
2979,4206
2980,9214
2981,3422
2982,3082
2982,7111
2984,6597
2984,9518
2987,4512
2988,5122
2988,5176
2988,7117
2988,7716
2989,5676
2989,5702
2990,7907
2990,8564
2990,9495
2991,8288
2992,4232
2992,5629
2992,6384
2995,8155
2996,9114
2999,5905
2999,8373
3000,3270
3002,6447
3002,8982
3003,6894
3003,7296
3003,7665
3004,5453
3005,4925
3006,3275
3006,3596
3006,4946
3006,5084
3006,5753
3006,7155
3008,6301
3009,9339
3010,4400
3010,9792
3011,4220
3011,9789
3012,7329
3012,8652
3012,9640
3013,7952
3014,3110
3016,4828
3016,7514
3016,8009
3016,9717
3016,9839
3017,6107
3017,7079
3018,9140
3018,9446
3019,5557
3019,7301
3020,5770
3020,6749
3021,3282
3021,7267
3022,3280
3023,3447
3023,6828
3023,7668
3023,8214
3023,8797
3024,6579
3024,7511
3025,5922
3025,7955
3025,8742
3026,5849
3027,6579
3027,7480
3028,6145
3028,9566
3029,3383
3031,5434
3031,5950
3033,5602
3034,3360
3034,3490
3035,3393
3035,7345
3035,9041
3035,9403
3036,3986
3037,5282
3038,6159
3038,8742
3039,4474
3039,7532
3046,9413
3048,5735
3049,4902
3049,6427
3049,7433
3050,3473
3050,7498
3051,3389
3051,7427
3055,4159
3057,8375
3059,6435
3060,3872
3060,5870
3060,7685
3061,5799
3061,5895
3061,7009
3061,9867
3062,3978
3063,8171
3065,8434
3066,8844
3066,9260
3066,9315
3067,4204
3068,7126
3068,7455
3069,4911
3072,6534
3073,7509
3073,8127
3074,7935
3075,4478
3075,4749
3075,8093
3076,5785
3076,6966
3076,8020
3076,8588
3078,7662
3079,5076
3080,3602
3080,5597
3080,7827
3082,8270
3083,6575
3084,6035
3084,7177
3085,6683
3085,8348
3086,7251
3086,7724
3086,8626
3087,7463
3088,5626
3089,3586
3089,7681
3090,5689
3090,5977
3090,6198
3090,6229
3090,8322
3091,5375
3093,9835
3094,6600
3094,8090
3094,8993
3096,7452
3097,6879
3098,6448
3100,5500
3101,5091
3101,6478
3101,8152
3101,9159
3102,7588
3103,4051
3103,9794
3106,6438
3107,6076
3109,5043
3109,9796
3110,5396
3110,8647
3111,3290
3112,5031
3112,5484
3112,6729
3112,6753
3112,6818
3112,9061
3113,5950
3114,4954
3114,5428
3114,6157
3114,6576
3116,7290
3116,9705
3117,6738
3117,8469
3118,6573
3119,4121
3119,4390
3120,9538
3122,9010
3124,5162
3124,6236
3124,8758
3124,8858
3125,7081
3126,3365
3127,3283
3128,7454
3130,5290
3130,9650
3130,9749
3131,8812
3133,8027
3134,4632
3134,7559
3135,4169
3135,4439
3136,5838
3136,9877
3137,3494
3137,7346
3137,9980
3139,8404
3139,8733
3140,4410
3140,6286
3140,8100
3140,9281
3141,5565
3142,4366
3144,4556
3144,6585
3146,9111
3147,4323
3147,4856
3147,8249
3148,5532
3150,4752
3150,9061
3152,3612
3152,3773
3152,8272
3153,9027
3155,8548
3155,8851
3155,9029
3155,9619
3156,4933
3157,6477
3158,3431
3158,7261
3158,9085
3159,4622
3159,7731
3160,6165
3160,9221
3163,3593
3163,5125
3163,5259
3164,3216
3164,9554
3165,3823
3165,4109
3165,8847
3165,9274
3166,3627
3166,6172
3166,9993
3167,3509
3167,7093
3168,4155
3168,4435
3168,5790
3169,3656
3170,4746
3170,9536
3171,3302
3171,9019
3172,6735
3172,7851
3172,8345
3173,7491
3175,7957
3176,4744
3176,9946
3177,3677
3178,3885
3178,7283
3179,3474
3179,7402
3180,3690
3180,4168
3180,8103
3182,6331
3182,6868
3184,4069
3184,6127
3184,6959
3185,3627
3185,5640
3185,7961
3186,5458
3186,9976
3187,3727
3187,7290
3188,3864
3189,9842
3190,4379
3190,4558
3191,3372
3191,3491
3191,8445
3194,6931
3194,7203
3194,9587
3195,3666
3196,6515
3196,7916
3196,9826
3196,9958
3197,3484
3197,4232
3197,4320
3199,8240
3200,4541
3200,5407
3202,8969
3204,4120
3204,4184
3204,6013
3206,3650
3206,5184
3207,3553
3208,4566
3208,5554
3208,8072
3209,3360
3210,9164
3211,6770
3212,5366
3212,6701
3213,8406
3215,6309
3216,8643
3217,5096
3217,5581
3217,5682
3217,8688
3218,8435
3219,3412
3220,9371
3221,4881
3221,6758
3223,3668
3224,4776
3225,5579
3226,4678
3226,7157
3227,8066
3227,9350
3227,9641
3228,5215
3229,8702
3230,5751
3230,8975
3231,9018
3232,3766
3232,5311
3232,6477
3232,7955
3232,9351
3233,8106
3235,8285
3236,9355
3238,9966
3240,8087
3241,5524
3241,6353
3242,5411
3242,7635
3243,3931
3246,4644
3247,7221
3247,8453
3249,3436
3250,6175
3251,6117
3253,8043
3254,9886
3255,9635
3256,3513
3257,6255
3257,7893
3259,6431
3259,6836
3260,5994
3260,7629
3260,9359
3261,4234
3261,6079
3262,7922
3264,4499
3264,5715
3264,6646
3268,7246
3268,8024
3269,8274
3270,3609
3270,4108
3270,8342
3270,9570
3272,6464
3273,4870
3273,8666
3274,6149
3276,5924
3276,8293
3277,9048
3278,7451
3280,9607
3281,4341
3281,5498
3281,8901
3281,9843
3282,6843
3282,9686
3284,9148
3285,9099
3289,8723
3290,3484
3290,4595
3290,4922
3290,5890
3291,8194
3292,8783
3292,8804
3293,7771
3295,6253
3298,3577
3298,6429
3299,5142
3299,6002
3299,6573
3299,7307
3300,8305
3301,4875
3301,6002
3301,6420
3304,7915
3304,8624
3305,4677
3305,9395
3306,5440
3306,6643
3306,6746
3307,7709
3308,4437
3310,3906
3311,5089
3311,5711
3312,6288
3313,9326
3314,5282
3314,8129
3315,3738
3315,5733
3315,9439
3318,6041
3319,5591
3320,9827
3321,3427
3321,4306
3321,6146
3322,6095
3326,3539
3326,5806
3327,8230
3327,9274
3328,7616
3328,9924
3330,5633
3331,5191
3332,4585
3332,8233
3332,9575
3334,8319
3335,4052
3335,5203
3335,5667
3336,4547
3336,4627
3338,4957
3338,9751
3339,3526
3339,8368
3341,5071
3343,4374
3345,4742
3347,4899
3347,6198
3347,8293
3348,4816
3348,8680
3349,4491
3351,3711
3351,8436
3352,7783
3352,7917
3353,8686
3354,5074
3354,7922
3355,7587
3356,7586
3356,7603
3357,3902
3357,4336
3358,6442
3359,4389
3359,9443
3360,3886
3360,7599
3362,4327
3362,6857
3362,9441
3363,6364
3363,6639
3363,9033
3363,9053
3364,4302
3365,3727
3366,6850
3368,7840
3369,9215
3369,9766
3370,8016
3371,9610
3371,9736
3373,6577
3373,8211
3374,7693
3374,9500
3374,9534
3375,6729
3377,3400
3377,7083
3378,7940
3379,4874
3379,8601
3380,8579
3381,5974
3381,9278
3384,5688
3386,6385
3387,9956
3388,5329
3389,4626
3389,7230
3391,6106
3391,8000
3393,3910
3393,7582
3394,3836
3394,9290
3395,6156
3396,3984
3396,8498
3396,8811
3397,6981
3397,7481
3398,9110
3400,5770
3400,8409
3401,9262
3403,5187
3404,7201
3404,7466
3404,8856
3404,8920
3405,3608
3405,9156
3406,4819
3406,9753
3407,6672
3407,8558
3409,6101
3409,8206
3410,7850
3411,6312
3411,8458
3411,8516
3412,6106
3413,3674
3414,8808
3415,9237
3418,6995
3421,3555
3424,8163
3426,5674
3426,7469
3428,6421
3428,8811
3429,5603
3429,8990
3431,5607
3431,6596
3431,8755
3433,7794
3435,5262
3435,6869
3437,4305
3438,6377
3438,9338
3438,9523
3439,6312
3439,8475
3439,9019
3441,7452
3441,9990
3442,7667
3443,7897
3444,4640
3445,4107
3445,4873
3446,6276
3446,7523
3446,9631
3447,7353
3448,6215
3449,9490
3449,9777
3450,3502
3450,8294
3451,5657
3451,6014
3451,9921
3452,3770
3452,4077
3455,3605
3456,6007
3456,7514
3457,6757
3458,4992
3458,7263
3458,7569
3458,9305
3459,8316
3460,8213
3460,8215
3460,9462
3461,8990
3462,6050
3465,9628
3467,8477
3468,3475
3468,5141
3470,4977
3470,5267
3470,8400
3471,4936
3471,9337
3472,4773
3473,5452
3473,5714
3475,3832
3476,4975
3477,8807
3479,3481
3480,5728
3482,5380
3482,5985
3483,8190
3485,5824
3486,5540
3486,8915
3486,8982
3487,5943
3488,8078
3489,4546
3489,7759
3490,4023
3491,9176
3493,5618
3493,7055
3493,8728
3494,6438
3494,7760
3495,8992
3496,6645
3497,5109
3497,6408
3499,6181
3500,5464
3500,8780
3500,9338
3503,4134
3503,4197
3503,4391
3503,9549
3504,4928
3504,7017
3504,8814
3504,8890
3506,6721
3507,7625
3508,9186
3511,8671
3511,9717
3513,4778
3513,5339
3513,6179
3514,4402
3514,8907
3515,6550
3516,5510
3516,6626
3518,4877
3518,6654
3519,5073
3519,5784
3520,7139
3521,4832
3521,9220
3521,9371
3522,3659
3524,3906
3524,6857
3525,4108
3525,4608
3527,4995
3527,7765
3528,6783
3529,8055
3530,4123
3530,4399
3530,8670
3531,4405
3531,5277
3531,8978
3532,7434
3533,4351
3533,8649
3534,7293
3535,6575
3535,9973
3538,7079
3540,6609
3543,6612
3545,9201
3546,6985
3546,9058
3547,5716
3547,7265
3549,4023
3549,4105
3549,8332
3552,4912
3552,9284
3553,5763
3553,6140
3553,6387
3553,8497
3554,9071
3555,4764
3555,5413
3556,5298
3556,5932
3556,7720
3557,4812
3557,5270
3558,5095
3560,3776
3560,7140
3560,7179
3560,7301
3561,5483
3561,5959
3561,7936
3561,9478
3562,6321
3562,7621
3563,7524
3565,6707
3565,8762
3566,4385
3566,9267
3568,4543
3571,3800
3571,8254
3572,3934
3572,6938
3573,8343
3574,4216
3574,6609
3575,6804
3575,8923
3577,6472
3579,4184
3579,9204
3580,4039
3583,5523
3583,7518
3584,8561
3584,9561
3585,7150
3586,4231
3587,6112
3588,4292
3589,4888
3590,4823
3590,5449
3592,6822
3593,5847
3593,7480
3594,7618
3594,8982
3595,5957
3596,4715
3596,7057
3597,5045
3597,5976
3598,5158
3599,6745
3599,8920
3600,3814
3602,8518
3603,5364
3603,5677
3604,5963
3604,6970
3605,8374
3608,6067
3608,6976
3608,8849
3610,5450
3610,5757
3610,8051
3611,7019
3612,5643
3613,9823
3616,8234
3616,8966
3617,5126
3618,4555
3618,5667
3618,6234
3621,4729
3621,6604
3622,8114
3623,4956
3623,6902
3624,8946
3625,5820
3625,7374
3625,8923
3626,8179
3626,8741
3627,8893
3628,6179
3628,6931
3628,7245
3628,8602
3629,6270
3630,6711
3631,5975
3631,9555
3632,7386
3633,5617
3633,9180
3634,7153
3634,9797
3635,9551
3636,5588
3636,7504
3637,6925
3638,7574
3638,9725
3639,7781
3640,4491
3640,7134
3641,4918
3641,8312
3641,9450
3642,5089
3642,5678
3642,9154
3644,5444
3645,3770
3645,7445
3647,5862
3648,5304
3649,9304
3652,9580
3653,4296
3654,9347
3656,5115
3656,7852
3657,5982
3657,7863
3657,7958
3657,9605
3659,5386
3659,6183
3659,9765
3660,5174
3662,8906
3663,8059
3663,9137
3666,8193
3667,7966
3667,9200
3667,9643
3668,3928
3668,6871
3668,8185
3668,8753
3669,9645
3670,6321
3671,5106
3671,8483
3671,8864
3672,3820
3672,7143
3672,9259
3673,8733
3674,6185
3674,6400
3674,6741
3676,4117
3676,7383
3676,8569
3676,8965
3678,5340
3679,6134
3682,5011
3682,5245
3684,4354
3684,5463
3684,9432
3684,9786
3685,4463
3686,6104
3687,6015
3687,6213
3687,6442
3689,9117
3690,4617
3690,5213
3691,8171
3692,3943
3692,5636
3692,7974
3692,8628
3693,6095
3693,6935
3693,9722
3694,7200
3694,8204
3695,7460
3696,4092
3696,5150
3697,4490
3697,5016
3697,6978
3697,7958
3698,6210
3699,4090
3700,6690
3701,8909
3702,4050
3702,5954
3702,8356
3703,6013
3703,7873
3703,8099
3703,9834
3704,8092
3707,4412
3707,6046
3708,5714
3709,7436
3710,4332
3711,5360
3711,6926
3712,4497
3712,4942
3713,3808
3714,6453
3714,8068
3716,3810
3718,6791
3719,7900
3719,8609
3721,3867
3721,4788
3722,4516
3722,4791
3723,5502
3723,8522
3724,4389
3724,5008
3724,9544
3726,4062
3726,9398
3727,7230
3727,8470
3728,5646
3729,4109
3729,8186
3730,4603
3730,5475
3730,8473
3730,9612
3731,7440
3731,7792
3733,7919
3734,7927
3735,5336
3737,6578
3737,8859
3738,6305
3739,4789
3739,5566
3739,7551
3741,7875
3741,9515
3742,5560
3742,6105
3742,9669
3743,6729
3744,6312
3745,4054
3745,4135
3745,4273
3745,4737
3746,5678
3746,6353
3748,7958
3749,9476
3750,8458
3750,9644
3753,4236
3753,4322
3753,5077
3754,5946
3754,8974
3759,4049
3759,5210
3759,9196
3760,7324
3761,7253
3763,4865
3763,6185
3763,6516
3763,9815
3765,9116
3767,6599
3767,9773
3768,4986
3769,9379
3770,4744
3770,9291
3771,4934
3771,8989
3772,4724
3773,4102
3773,4866
3773,9830
3775,8484
3776,6697
3777,6723
3778,9183
3779,5556
3779,8020
3781,3811
3781,7099
3782,3918
3782,5017
3783,6016
3783,7283
3783,8428
3784,5278
3784,9630
3786,6683
3786,7065
3787,6568
3787,8128
3787,8869
3788,4500
3788,7520
3789,9176
3790,7344
3790,7765
3790,9695
3790,9733
3791,6377
3791,9230
3792,4339
3795,7871
3795,8220
3796,7186
3796,8684
3796,9930
3797,4706
3797,6133
3797,7824
3798,7634
3800,6386
3802,6082
3802,6903
3803,5830
3803,9605
3805,9777
3806,9434
3808,4123
3808,6137
3809,9158
3809,9495
3810,7777
3811,6590
3811,9864
3812,6017
3813,6508
3814,4356
3814,6954
3815,7235
3815,7790
3815,9070
3817,5407
3817,7867
3817,8975
3818,5690
3819,6497
3820,4746
3821,9789
3822,9579
3823,8549
3824,4339
3824,7768
3825,6040
3825,6099
3825,6876
3826,6335
3826,8048
3826,9193
3827,4619
3827,4639
3828,6106
3829,5237
3829,5648
3829,6464
3829,7970
3829,9655
3830,4133
3830,6392
3831,7172
3832,7738
3832,8867
3833,7117
3833,8982
3836,6990
3837,5251
3838,4296
3838,5188
3839,4650
3841,9241
3842,4950
3844,4490
3844,4931
3844,6186
3847,4673
3848,6340
3848,9023
3849,9687
3850,5644
3851,4135
3851,4377
3852,7361
3853,6604
3854,4140
3854,4924
3854,6202
3854,6289
3855,6308
3855,6579
3856,3969
3856,5178
3856,5392
3857,5961
3858,7365
3859,6123
3859,9675
3860,3912
3860,4941
3861,5948
3861,7413
3862,5583
3863,5072
3863,5445
3863,8566
3864,5429
3866,9947
3867,6770
3868,4044
3869,9834
3870,3947
3870,5121
3871,9843
3872,6033
3872,6649
3872,8890
3873,4601
3873,6094
3873,9728
3874,6030
3874,9591
3874,9599
3874,9646
3875,9327
3876,6135
3876,7824
3876,8275
3877,4153
3877,7106
3877,9699
3878,6330
3878,7376
3878,8126
3879,7217
3880,4024
3880,5717
3880,7134
3880,9288
3881,7845
3882,5444
3883,5270
3883,6204
3883,7492
3884,7133
3885,8542
3890,7382
3891,8308
3891,8628
3893,7987
3896,6800
3897,6547
3898,4313
3898,5589
3898,5619
3898,6366
3898,7897
3899,5894
3900,4969
3900,5343
3901,5027
3902,4224
3903,8278
3904,5168
3904,9613
3905,7715
3905,8260
3905,9912
3906,4803
3906,5144
3908,8448
3911,4475
3913,5229
3913,5872
3915,5471
3918,9102
3919,6913
3920,6481
3921,6033
3922,4122
3923,8551
3924,7097
3926,5237
3926,5912
3926,6363
3926,8792
3927,7813
3928,9188
3929,5824
3929,6068
3929,6677
3930,4736
3932,4073
3933,4345
3933,8771
3934,6239
3935,6310
3935,6410
3936,4376
3936,4527
3936,4769
3937,9224
3938,5243
3938,5341
3939,6236
3939,8234
3939,8299
3940,6390
3941,8440
3941,9828
3942,8875
3944,4606
3944,8511
3945,9989
3949,8167
3949,9162
3950,9954
3951,5155
3951,6939
3951,6943
3952,4684
3952,6586
3954,4225
3954,5965
3956,5279
3956,8198
3956,8870
3957,9320
3958,4125
3958,7979
3958,9022
3959,6246
3961,5110
3962,6940
3963,8568
3964,6435
3964,7770
3965,4690
3966,9983
3970,9345
3971,6641
3971,8699
3974,9594
3975,4393
3977,4942
3978,5906
3979,9184
3980,4607
3980,5966
3981,8085
3983,6847
3984,8027
3985,4866
3986,5917
3986,6143
3987,8828
3989,5390
3989,6424
3989,8450
3993,4809
3993,6888
3994,9633
3996,6317
3998,6160
3998,6312
4000,5104
4000,5837
4000,8807
4001,6256
4001,6534
4001,7874
4001,8822
4002,8428
4004,7024
4005,6542
4006,4352
4006,5090
4006,7018
4006,9621
4007,5488
4011,4774
4011,5118
4011,7812
4012,4509
4014,6518
4014,6855
4016,9789
4017,9841
4020,5924
4021,5968
4021,7245
4021,7823
4022,8745
4022,9779
4024,7319
4025,6857
4027,4513
4027,4645
4027,7653
4027,9074
4028,6488
4029,4278
4029,4451
4031,9612
4034,7884
4035,6918
4035,6991
4036,6648
4041,4280
4042,6290
4042,8318
4043,5260
4043,6636
4043,7832
4045,7847
4046,9946
4050,5446
4050,8603
4053,6324
4053,8350
4053,9366
4054,4893
4054,6363
4054,9640
4056,7818
4057,5412
4057,9406
4061,6549
4062,9851
4063,6098
4064,7728
4064,9533
4065,4632
4065,6029
4065,6578
4065,7914
4066,4467
4066,4877
4066,5833
4067,6299
4068,6424
4068,8130
4069,5666
4069,7055
4070,4075
4072,5058
4072,7612
4072,9967
4074,6990
4074,7099
4075,5156
4076,5018
4076,6072
4076,7905
4076,9681
4079,4598
4079,5014
4079,7024
4079,9402
4080,5070
4080,5659
4081,5631
4081,8239
4082,8146
4083,5212
4085,5121
4087,6444
4088,5276
4088,8236
4088,8298
4088,9444
4089,7883
4091,9430
4092,8512
4092,9439
4093,5823
4093,7567
4093,8732
4094,4980
4095,8917
4097,4647
4097,6829
4098,8323
4101,4337
4102,6573
4103,7765
4104,4230
4104,7672
4104,8648
4105,5069
4105,5352
4105,6428
4109,9193
4111,8476
4112,4360
4113,4125
4113,8156
4114,4378
4114,7355
4114,7935
4115,4505
4116,6872
4119,7958
4119,8402
4120,5626
4120,8614
4121,9648
4122,6040
4122,6469
4122,8699
4122,9659
4124,4830
4126,6795
4127,5966
4128,9885
4131,5034
4133,6419
4133,9359
4134,5340
4134,5400
4134,6828
4141,5619
4142,4527
4143,9653
4144,6496
4144,6953
4146,6212
4147,4463
4147,8085
4149,9658
4149,9826
4151,6356
4154,5484
4154,5916
4154,7679
4155,7454
4155,9207
4156,5757
4156,6938
4157,7351
4158,4743
4158,5417
4158,8948
4159,5762
4159,5880
4159,9356
4160,5447
4160,6905
4161,9113
4161,9228
4162,9657
4163,4355
4163,7065
4163,9077
4164,7431
4164,7501
4165,5632
4165,7588
4165,7803
4165,8867
4167,9514
4168,5568
4169,6606
4169,7589
4170,8665
4170,8927
4171,8387
4172,9820
4173,5273
4174,7056
4175,7225
4176,4828
4176,8711
4177,4385
4177,8825
4177,9332
4178,8086
4179,4496
4179,5702
4179,6050
4180,6366
4181,7646
4182,5829
4182,5968
4182,9261
4183,5186
4184,5210
4186,7475
4187,4265
4188,4260
4189,5622
4189,8341
4192,6243
4193,7269
4193,8474
4194,7348
4197,7429
4198,8327
4199,8767
4199,9462
4200,4892
4201,8640
4202,4248
4202,5160
4202,6977
4203,9925
4204,4546
4204,6310
4205,4944
4206,7781
4207,5790
4207,9076
4208,6095
4211,5454
4211,8542
4212,4286
4212,7975
4212,8684
4213,6712
4214,5208
4214,6188
4214,7561
4215,5117
4216,4483
4218,7248
4219,9820
4220,8321
4220,9129
4221,6098
4221,6854
4222,9093
4223,5223
4223,5224
4224,8483
4225,5229
4225,8346
4226,9340
4227,5901
4227,8959
4227,9810
4228,5782
4229,7394
4229,7895
4229,8699
4230,7169
4232,7718
4233,5885
4233,8473
4234,9101
4235,8313
4236,6236
4237,8442
4238,7555
4239,5110
4239,9751
4241,5999
4241,6854
4242,6224
4246,7321
4247,6637
4250,6100
4250,9677
4251,6283
4251,6933
4251,8941
4253,5409
4253,6688
4253,9239
4255,6486
4256,4928
4256,9755
4257,5920
4257,8912
4259,8954
4260,6153
4260,7200
4261,5034
4262,4595
4262,8739
4262,9172
4264,4424
4265,9344
4265,9637
4266,4684
4267,8702
4269,6161
4270,9332
4272,5710
4274,6665
4274,9420
4275,7299
4276,7158
4279,5830
4279,9763
4279,9994
4282,6231
4285,8472
4286,8618
4287,7829
4287,7945
4287,8869
4287,9786
4289,6818
4292,8031
4292,9623
4293,6671
4293,9479
4295,4499
4296,5423
4296,7854
4296,9524
4297,4515
4301,6582
4301,8094
4306,7893
4306,9732
4307,6032
4307,7641
4307,8820
4309,6145
4310,4648
4310,7963
4312,7685
4312,9914
4313,8425
4313,9354
4314,7830
4315,6842
4315,7103
4316,9118
4317,8368
4318,6450
4318,9232
4321,7563
4322,5727
4323,4552
4323,4588
4323,5116
4324,7018
4325,9078
4329,6678
4330,5847
4330,9361
4332,6011
4333,9090
4335,5940
4335,6089
4335,6507
4335,8378
4336,9664
4337,7273
4338,4649
4338,4792
4339,4512
4341,5312
4342,6826
4342,7331
4346,6286
4347,8688
4347,8852
4348,6096
4349,8410
4350,7549
4350,8861
4351,5977
4351,9171
4352,9169
4352,9517
4353,8128
4353,9242
4354,4982
4355,9824
4356,9352
4357,7000
4359,6543
4359,7663
4361,6245
4362,6832
4363,5134
4364,8343
4369,4671
4369,4864
4369,7692
4369,8797
4370,6068
4370,6343
4374,6237
4374,9332
4376,7327
4379,5988
4380,4628
4380,9974
4381,7570
4381,9025
4384,9046
4385,5818
4385,6068
4385,7620
4386,9487
4387,6189
4389,8975
4390,8509
4391,9503
4391,9618
4394,5251
4394,8917
4396,4801
4396,7607
4396,9093
4399,5288
4400,7195
4401,6338
4402,4775
4402,5658
4403,7697
4404,5924
4406,7281
4406,9851
4407,5110
4408,6251
4409,7031
4409,8716
4411,5636
4411,6450
4414,6195
4414,7121
4414,7536
4414,9216
4415,9285
4416,9218
4417,7645
4418,5790
4418,6655
4419,5607
4422,5514
4423,9366
4424,5044
4425,8922
4427,7170
4427,8669
4427,9336
4428,5253
4429,8069
4429,9791
4430,4494
4430,8973
4431,8430
4432,6103
4433,5189
4433,8609
4434,9035
4434,9590
4435,9034
4436,6124
4437,5220
4438,5406
4439,6625
4439,6711
4439,7902
4439,8785
4439,8888
4441,5104
4441,7478
4442,9185
4443,6081
4446,5985
4447,8070
4449,6177
4449,8133
4449,8752
4451,9336
4454,8900
4456,6806
4458,7869
4459,9873
4460,8345
4460,8743
4461,5037
4461,9627
4465,4838
4465,7062
4465,8306
4465,8947
4465,9609
4466,6424
4466,7898
4466,9948
4467,4775
4470,9778
4471,4634
4471,8422
4472,7198
4472,9254
4472,9394
4482,7476
4483,8054
4483,9254
4484,9524
4485,7388
4485,7409
4487,6590
4487,9072
4488,8973
4489,9633
4490,8236
4492,8134
4492,8960
4494,9363
4495,5047
4495,6899
4496,7113
4497,6306
4497,7891
4497,8568
4498,5548
4498,5964
4500,5594
4501,8140
4502,4635
4502,7588
4503,9351
4505,8666
4506,9443
4506,9682
4508,6721
4508,9729
4509,4705
4510,6628
4511,6438
4511,7220
4514,5751
4514,7754
4514,8605
4515,6644
4515,7544
4515,9084
4515,9606
4518,4583
4523,4600
4523,8257
4523,9385
4523,9651
4523,9693
4524,7502
4524,9816
4525,7632
4525,7828
4526,5174
4526,5799
4526,8399
4527,4655
4527,5570
4527,7848
4529,4936
4529,5431
4532,5815
4533,5554
4534,6917
4534,7974
4535,5241
4535,5985
4535,7438
4537,6401
4537,7945
4538,5541
4539,7998
4540,9007
4542,5237
4544,8287
4544,9823
4545,9037
4548,5672
4548,5858
4548,7285
4548,8451
4549,6261
4549,7382
4549,9824
4549,9902
4552,6685
4555,7080
4556,6018
4556,7996
4557,5826
4559,8103
4562,6644
4563,7065
4564,5848
4565,9079
4566,5521
4566,7194
4567,7829
4569,4854
4569,7087
4569,7384
4570,6381
4570,6701
4572,5416
4572,6202
4573,5690
4573,8518
4574,9229
4575,7679
4575,9821
4577,7396
4577,8597
4577,9388
4580,7149
4580,7243
4581,5533
4581,5946
4584,4932
4584,5689
4585,9431
4586,9318
4588,8920
4589,7475
4593,7437
4595,4604
4595,4638
4595,4939
4595,7340
4595,9383
4596,7194
4597,6708
4597,7042
4597,9670
4598,8948
4600,6815
4600,7041
4600,9246
4601,6898
4601,8541
4604,4674
4604,7052
4607,5117
4607,8155
4608,6090
4608,8194
4609,5313
4609,6213
4609,6307
4609,7566
4610,4950
4612,5215
4612,5694
4613,9681
4614,8578
4615,8852
4616,5213
4616,5320
4616,7620
4618,6240
4619,8365
4620,9788
4621,6818
4621,9055
4622,4753
4623,6494
4623,9646
4625,7231
4625,8270
4626,4871
4626,6391
4626,7646
4627,8026
4628,6185
4630,8999
4630,9686
4631,8146
4633,7879
4633,8072
4637,8497
4638,5516
4640,7756
4642,6426
4642,6494
4642,7897
4642,9973
4643,9155
4646,9993
4647,6100
4652,5757
4652,9285
4653,5341
4653,7817
4654,9161
4655,6776
4655,7961
4655,9030
4656,7447
4658,8004
4663,7896
4663,8618
4665,5642
4665,7378
4667,5650
4672,5228
4672,6076
4673,5500
4673,6103
4673,7163
4677,8357
4678,6558
4679,5883
4679,7931
4680,9886
4681,5102
4681,6521
4681,8195
4683,5847
4683,8862
4687,5806
4687,9230
4689,5940
4690,5358
4691,5219
4691,7269
4691,8311
4691,8634
4692,6279
4693,6383
4696,8345
4701,6710
4701,7298
4703,8212
4705,8329
4707,4945
4707,5426
4711,6312
4711,7606
4711,8117
4712,7466
4714,8527
4716,4891
4718,8578
4720,8384
4720,9720
4721,8653
4725,4930
4726,9884
4728,5563
4729,5767
4729,8065
4730,5836
4730,6422
4731,8952
4731,9436
4732,6161
4733,7946
4738,5012
4738,5624
4738,7970
4741,5750
4741,8792
4742,5443
4742,5609
4744,5706
4744,7090
4745,5458
4749,7467
4749,8193
4750,6267
4750,8938
4750,9346
4751,5362
4752,9814
4753,7251
4755,7158
4755,8589
4759,6675
4759,8999
4760,7215
4761,5608
4762,6802
4762,7454
4763,7220
4764,5815
4765,7916
4766,7367
4767,5037
4767,8142
4767,8292
4768,8143
4769,6014
4770,7756
4774,5038
4774,8642
4775,8920
4777,6303
4778,6427
4778,8362
4779,5157
4779,7090
4781,9044
4781,9870
4783,7701
4783,8088
4783,8474
4784,6288
4786,6340
4789,8435
4789,9689
4790,6184
4790,8933
4790,9409
4791,6872
4795,6962
4795,9429
4796,5731
4797,5286
4797,5450
4799,6865
4800,9047
4801,5827
4801,8483
4804,4866
4805,4882
4806,6863
4807,7967
4808,7141
4808,7222
4808,8532
4809,5019
4809,8935
4809,9719
4810,8971
4812,5112
4812,9412
4813,6270
4813,6832
4813,9552
4815,5549
4816,9203
4817,6307
4817,6557
4818,5520
4819,5178
4820,7575
4821,5244
4821,9442
4824,7966
4824,9334
4826,5944
4826,8030
4827,7937
4828,8455
4829,8817
4833,5403
4833,7049
4833,8030
4834,8472
4834,8615
4835,4858
4835,7987
4836,9640
4840,5529
4840,6015
4840,7559
4840,7623
4841,7304
4842,5681
4843,5207
4846,8377
4846,8430
4848,5056
4848,7594
4848,8482
4849,5002
4849,6986
4849,8174
4851,7193
4851,7763
4852,7405
4852,7746
4853,9037
4853,9414
4854,8474
4856,9245
4857,5645
4857,5894
4858,5580
4859,8439
4859,9695
4860,5168
4860,7729
4860,8001
4860,8864
4862,9292
4863,5294
4865,6455
4865,9500
4866,7599
4867,5749
4868,5483
4869,9751
4870,9879
4873,8170
4874,9824
4875,7977
4876,6336
4876,9042
4878,7767
4879,8729
4880,5629
4881,5692
4881,6019
4881,8393
4882,7153
4882,8776
4883,5073
4883,7283
4884,8490
4885,8067
4887,5732
4887,9442
4888,8664
4889,6681
4890,9454
4891,4914
4893,9052
4895,5523
4896,5985
4896,8784
4898,8346
4899,9022
4899,9353
4900,5437
4901,7677
4901,9795
4904,9250
4905,5753
4905,6783
4906,5294
4906,5570
4906,5763
4908,8294
4909,6831
4910,7254
4911,5432
4911,6659
4911,9242
4912,8398
4914,9261
4915,8284
4915,9182
4916,8338
4917,7472
4917,8742
4918,9545
4919,8686
4920,5871
4920,5878
4920,9007
4921,7381
4924,5583
4925,8034
4925,9789
4926,8061
4929,9267
4930,6968
4933,8130
4934,9318
4935,7089
4936,7715
4937,7811
4938,9021
4939,9123
4939,9281
4940,5246
4941,6562
4944,7412
4946,7746
4946,7986
4946,8333
4947,5506
4947,5891
4947,7658
4947,8477
4947,8755
4948,9324
4950,7429
4955,5614
4955,6703
4955,6993
4956,6742
4957,6698
4957,8807
4959,6901
4960,6928
4960,7224
4961,9223
4967,5102
4967,9787
4974,5966
4974,8719
4975,6390
4975,9383
4976,8150
4977,8304
4978,6823
4978,8260
4979,5430
4980,5505
4981,5235
4981,8753
4982,6474
4984,5607
4985,6928
4986,5637
4987,5950
4987,6912
4989,9976
4990,8154
4991,7453
4992,8575
4994,5087
4996,6369
4997,5914
4997,6051
4999,5315
4999,7157
5001,6930
5003,6280
5003,8597
5003,9113
5004,8124
5005,6305
5007,5121
5010,8557
5011,9415
5012,7988
5014,7649
5016,9023
5020,9070
5022,5379
5022,5913
5023,9392
5024,7770
5024,8070
5024,8945
5024,9641
5025,5156
5026,5703
5026,8377
5027,5797
5027,7068
5028,8977
5029,8640
5031,5809
5031,8187
5032,5623
5032,7797
5034,5765
5034,7079
5035,5775
5036,5076
5036,6894
5038,9893
5040,5344
5040,9050
5040,9404
5041,5138
5041,7444
5041,8388
5041,8855
5041,9790
5043,9213
5044,5880
5044,7235
5048,9462
5049,5344
5050,8294
5052,5730
5052,8733
5052,9929
5053,5671
5055,5647
5056,8394
5059,6490
5060,5481
5062,7814
5063,5354
5063,9044
5065,9713
5066,6492
5066,9796
5068,5960
5068,7499
5068,9718
5070,6782
5073,7516
5073,8213
5074,7211
5074,7529
5075,6427
5077,9996
5079,5715
5080,6175
5080,6753
5082,8632
5084,8728
5086,6190
5086,6261
5087,8716
5088,5493
5088,5632
5089,5401
5091,5420
5091,8375
5094,8479
5095,7075
5097,6938
5097,7014
5097,9576
5098,6823
5100,5701
5101,6832
5101,7885
5101,9014
5102,5769
5102,7192
5102,9094
5103,5162
5103,6509
5104,6054
5104,9284
5105,8220
5106,5648
5106,9552
5107,7214
5107,9521
5111,8782
5118,6020
5119,5788
5120,8277
5121,7489
5122,6108
5124,8103
5126,6676
5127,8446
5128,9965
5129,6966
5129,7572
5130,7286
5130,9005
5131,6178
5132,8506
5134,7921
5134,9980
5135,7871
5137,6420
5137,8339
5139,5429
5142,9733
5143,7861
5145,5862
5146,8166
5147,5291
5147,5974
5148,5209
5148,5399
5150,9120
5153,9207
5154,7692
5155,5391
5155,7228
5155,7766
5155,8337
5158,5563
5158,8222
5159,6427
5159,9907
5160,5867
5160,8552
5160,9101
5162,8347
5163,6305
5163,8695
5164,8176
5168,6997
5168,9052
5172,8880
5175,6249
5178,5465
5178,6051
5180,8275
5182,5354
5182,7532
5183,6138
5183,6189
5183,7810
5185,5817
5185,6591
5186,8911
5187,6615
5188,5599
5188,6217
5188,6736
5189,5620
5189,9083
5189,9632
5192,6543
5193,8119
5194,7817
5194,8762
5196,9584
5198,6918
5200,5928
5200,7574
5202,9047
5203,5772
5203,8997
5204,5852
5204,9406
5205,9011
5206,8044
5206,9656
5208,6565
5208,6820
5209,6967
5215,8531
5215,9702
5216,5990
5216,9122
5217,8591
5218,7559
5219,6117
5219,6857
5221,9198
5222,6098
5223,6168
5224,5566
5224,5735
5225,6316
5226,6770
5228,6299
5233,9648
5236,6549
5237,9025
5238,7800
5240,5575
5241,5812
5241,6337
5242,5408
5242,5841
5244,8494
5244,8544
5244,9558
5247,5571
5249,5949
5249,8105
5249,8425
5250,5769
5250,7656
5250,9143
5257,7530
5259,7836
5259,8620
5260,8921
5261,7108
5262,6033
5263,8002
5263,8435
5265,6821
5267,8286
5269,7186
5270,9152
5271,5565
5273,6653
5275,9489
5276,8727
5276,9592
5279,8775
5280,7516
5280,8095
5281,5422
5281,6052
5283,7636
5284,6864
5286,6663
5286,8815
5288,8400
5289,9911
5290,7488
5291,7317
5293,8755
5296,9465
5297,5470
5297,5728
5297,7043
5297,9060
5297,9334
5298,5759
5298,7694
5298,9102
5300,8573
5301,6846
5301,7071
5303,8766
5303,9893
5306,6028
5306,6066
5310,7113
5310,7760
5310,8122
5312,6153
5312,6298
5313,8200
5314,8926
5315,8401
5315,8935
5317,6154
5317,8048
5319,7336
5319,8352
5320,9635
5324,8771
5325,8798
5326,9140
5327,8632
5329,8021
5330,7767
5332,5581
5333,8443
5334,5354
5334,5809
5337,7904
5338,5775
5338,7683
5343,7050
5344,8262
5347,5383
5347,7168
5348,5875
5349,5789
5349,7728
5349,9010
5350,6029
5353,7786
5354,9641
5355,9743
5356,5359
5356,9747
5359,7227
5360,5471
5360,6081
5360,6325
5360,7546
5362,7723
5362,8685
5362,9593
5363,6592
5363,9680
5365,7437
5365,9904
5366,7708
5367,8202
5368,6060
5369,8535
5373,5983
5373,7372
5374,5831
5374,5960
5374,9965
5378,8942
5380,6237
5380,7953
5381,5548
5381,5775
5381,9195
5382,5413
5382,5462
5382,7616
5383,9982
5384,7472
5384,8589
5385,9793
5386,7022
5386,9486
5387,9585
5389,7447
5390,5603
5391,7523
5391,9313
5393,7988
5393,9114
5394,9052
5398,8372
5399,5694
5399,6418
5400,6660
5401,7831
5402,5599
5402,6327
5402,8041
5406,7537
5408,8672
5409,5467
5409,9022
5409,9504
5413,6119
5413,9898
5414,9171
5415,6118
5415,7904
5415,8984
5415,9288
5416,7759
5416,7954
5416,9816
5417,5904
5417,7176
5418,7697
5418,8503
5419,5872
5422,7571
5423,7691
5426,9405
5427,6042
5429,5952
5434,7829
5436,8646
5438,7551
5440,7459
5441,7171
5442,5838
5443,8141
5445,5609
5447,8249
5447,9380
5448,7603
5449,9644
5450,5817
5450,6754
5450,8123
5451,6606
5453,9542
5453,9717
5454,6470
5454,7093
5455,6016
5455,8048
5455,9316
5456,9544
5457,7335
5457,8952
5458,8529
5459,8656
5459,9047
5459,9103
5460,5525
5460,7142
5461,7677
5463,8413
5464,5999
5465,7173
5466,9869
5467,5585
5467,9374
5468,6373
5468,9027
5469,8397
5471,6684
5471,9324
5472,6841
5472,7599
5472,7997
5472,8927
5473,6855
5473,8102
5474,5787
5474,8394
5477,5866
5478,5741
5479,5580
5480,6436
5480,6888
5482,5520
5485,7396
5490,7563
5490,8017
5492,6486
5492,8133
5493,9868
5494,6561
5494,7983
5497,5755
5499,5840
5500,9891
5501,8182
5502,5811
5502,8775
5503,8997
5504,8742
5504,9560
5506,6578
5507,7228
5508,7141
5509,9911
5510,9354
5511,9018
5513,7196
5513,7588
5513,8901
5513,9595
5514,5522
5516,6870
5516,7920
5518,5706
5518,6287
5518,6756
5518,9200
5518,9366
5518,9509
5520,9941
5524,7034
5524,8188
5525,5708
5527,7247
5527,7823
5527,8263
5528,8753
5529,6629
5530,5740
5531,9887
5532,8063
5533,6845
5533,7684
5534,6503
5538,6966
5538,7200
5539,5840
5540,8512
5541,8050
5542,9553
5543,6811
5544,6089
5544,6207
5544,9717
5545,6233
5545,9012
5546,9152
5547,8284
5550,6725
5550,7473
5550,9123
5551,5973
5552,6583
5553,7690
5557,6124
5557,6803
5557,8439
5559,6673
5559,6846
5559,8360
5560,6096
5560,7422
5560,8193
5560,9504
5562,6391
5562,7518
5562,8423
5563,6014
5564,5709
5565,7258
5566,7618
5566,8385
5569,6891
5569,8129
5571,5609
5573,9452
5573,9457
5574,8081
5574,8192
5576,7977
5577,9221
5578,7885
5579,6650
5579,8504
5582,8199
5583,6665
5584,6151
5584,8425
5585,6505
5585,8635
5585,8695
5586,8847
5588,9995
5590,7601
5591,5769
5592,7260
5593,7717
5594,8590
5598,8578
5599,8412
5599,9143
5599,9698
5601,9721
5602,5808
5602,8255
5604,7609
5607,9442
5610,9111
5611,6081
5612,6363
5613,6885
5613,7129
5613,7338
5614,7344
5614,9709
5615,6879
5616,8288
5616,8374
5617,6184
5617,9261
5617,9949
5621,8016
5623,5935
5623,7030
5625,7115
5625,9044
5627,5831
5627,6777
5627,9934
5629,7182
5634,7326
5635,6053
5636,7606
5639,8953
5641,6904
5642,5881
5643,9889
5644,6116
5647,7597
5647,9244
5648,7023
5648,9115
5649,7557
5649,7764
5649,9080
5654,6257
5657,7060
5657,9469
5660,6225
5663,9618
5664,7199
5667,7339
5671,6792
5672,6520
5672,8049
5672,8648
5673,8806
5674,6083
5676,8985
5677,7569
5677,8666
5679,6431
5680,8147
5681,8815
5682,8465
5683,6386
5685,9536
5686,6202
5690,6554
5692,7708
5693,6402
5694,7579
5696,9286
5698,6142
5698,9486
5703,5737
5703,5926
5705,9944
5706,5899
5707,7675
5708,8602
5708,9822
5711,7448
5711,9199
5712,6194
5713,6908
5714,7319
5714,8594
5718,6842
5719,8643
5722,9019
5724,7692
5727,7143
5729,8009
5730,7253
5730,7365
5730,7906
5730,9473
5731,8071
5732,9431
5733,7007
5733,8446
5733,8905
5736,7184
5736,7196
5736,8374
5736,9276
5738,8238
5739,5852
5739,7800
5739,8454
5740,6306
5740,9148
5741,8648
5744,7613
5745,7538
5746,8641
5747,9282
5748,6203
5749,9981
5750,9624
5752,9460
5754,6461
5755,9366
5758,8179
5759,9256
5760,7289
5761,6403
5762,9798
5763,6214
5765,6086
5766,6006
5766,6112
5766,9751
5767,7646
5767,7926
5768,7685
5771,6010
5771,8684
5774,7394
5775,8047
5775,8244
5775,8613
5776,8330
5776,9576
5783,6224
5784,6221
5789,5923
5789,8289
5790,6804
5790,9305
5791,8347
5792,6815
5792,7721
5794,6661
5794,9923
5795,7868
5795,8544
5797,9045
5798,8921
5803,7376
5803,9780
5804,8130
5805,9013
5805,9133
5805,9362
5806,7438
5808,6738
5809,7781
5809,9698
5810,6646
5811,8269
5812,7068
5813,9561
5814,5888
5814,7059
5815,6861
5817,7088
5818,8598
5818,9316
5819,8527
5820,7511
5824,7510
5825,6965
5828,7908
5828,9911
5829,7675
5830,9194
5832,9150
5833,6501
5833,7273
5833,9547
5834,7292
5835,8617
5836,6121
5836,7304
5836,8270
5838,8122
5839,5916
5839,8345
5845,6738
5848,7381
5848,8639
5848,9084
5849,7015
5849,7381
5849,8720
5850,7500
5850,7673
5853,6677
5853,8665
5853,9860
5854,9737
5855,5993
5857,8197
5858,7554
5858,8643
5860,5866
5862,9980
5869,8924
5870,6763
5870,9489
5871,9531
5876,8680
5877,8689
5880,9733
5881,8704
5883,6458
5885,6422
5887,7802
5887,9434
5889,9634
5891,6159
5892,8717
5896,9047
5897,6326
5897,7158
5897,9915
5898,7676
5902,6563
5902,6790
5902,6806
5902,8739
5903,7454
5903,8740
5904,7078
5904,8782
5905,8730
5905,9718
5907,6429
5908,7923
5908,9303
5910,6315
5910,9998
5912,7121
5913,5950
5917,9730
5918,7547
5918,8221
5918,9628
5919,8703
5921,6578
5921,7468
5922,8650
5923,8643
5924,5971
5924,9238
5927,9020
5928,8075
5932,7300
5933,6064
5933,6676
5934,6214
5934,8332
5934,9265
5939,6635
5939,7876
5939,8776
5944,6168
5944,8662
5945,8945
5947,6832
5949,6297
5951,6602
5953,6991
5954,6573
5955,9400
5956,7650
5958,7270
5958,8402
5958,9747
5959,8266
5959,9951
5960,9660
5962,8971
5962,9172
5965,9973
5967,8535
5968,7141
5968,9576
5970,6193
5972,7049
5972,8160
5974,8137
5978,8611
5980,6333
5981,9901
5984,9483
5984,9522
5985,7904
5986,9719
5988,9599
5990,8236
5991,6865
5991,8711
5991,8748
5991,8957
5992,8687
5996,7757
5997,9478
5998,6585
5998,7122
5999,6201
5999,8386
6000,6490
6000,7650
6000,9189
6001,8558
6002,8435
6003,8913
6003,8977
6006,9367
6006,9368
6008,7968
6011,7729
6011,7866
6012,7881
6012,9561
6013,6140
6013,8888
6015,7914
6016,8795
6017,6873
6019,9953
6020,9769
6022,7055
6024,8157
6026,6683
6027,7357
6027,7882
6027,9928
6033,8909
6034,7098
6034,7789
6035,7263
6035,7378
6035,7922
6036,9078
6037,7606
6038,7193
6038,7439
6039,6501
6041,8443
6042,7077
6045,8031
6046,6475
6049,6581
6055,9503
6055,9988
6061,6286
6064,8043
6066,7656
6066,8350
6069,7957
6072,6921
6073,6136
6076,9631
6080,6279
6081,7710
6086,7269
6088,6327
6088,7986
6091,6321
6091,6611
6092,6810
6093,9912
6094,7763
6095,8604
6095,9633
6097,6215
6097,8965
6098,6787
6098,9945
6100,8314
6100,9934
6101,6399
6102,6166
6103,8637
6104,8070
6104,8392
6106,9335
6108,7187
6109,8221
6110,6448
6111,7769
6112,6643
6113,9011
6114,9490
6115,7593
6115,8125
6115,9802
6120,6988
6123,8456
6126,7368
6128,9680
6134,6603
6134,7116
6134,8627
6136,6172
6136,8047
6136,8901
6137,7252
6140,6560
6144,8500
6145,7000
6145,7593
6148,7673
6149,8772
6149,9099
6151,7525
6151,8004
6152,9851
6154,7697
6154,8580
6155,8592
6156,8057
6157,7995
6159,8038
6159,8048
6160,7914
6160,8899
6161,9952
6162,7369
6163,7184
6164,6610
6164,7674
6165,8000
6169,7470
6170,6405
6170,7662
6170,9694
6172,6717
6173,7202
6174,6325
6175,8926
6176,6424
6178,7374
6178,7647
6181,7331
6181,7982
6182,6269
6182,7684
6182,9795
6183,7379
6183,7508
6185,7976
6185,9666
6186,6613
6186,7945
6186,8467
6189,6445
6191,6358
6191,8019
6193,6683
6193,8444
6199,6538
6199,8806
6200,7597
6201,8796
6202,6873
6202,8164
6204,9599
6205,6559
6205,8752
6205,8753
6208,6272
6208,7338
6209,7243
6209,9101
6213,6543
6213,6816
6214,7819
6216,6653
6216,6806
6217,6624
6218,8399
6219,9197
6220,8666
6225,6515
6229,7291
6230,7433
6231,7192
6233,6348
6233,8230
6235,8190
6236,9670
6237,9351
6238,9701
6239,9745
6240,9523
6241,8499
6242,8924
6242,9465
6244,6606
6244,8354
6244,8972
6245,9951
6246,8752
6249,6790
6249,8755
6252,7553
6258,9923
6259,6271
6260,9220
6261,7843
6261,8453
6262,6402
6264,7586
6264,9206
6265,8923
6265,9592
6267,7526
6267,9984
6268,7760
6271,7630
6272,8176
6274,8379
6275,7252
6276,8484
6278,8692
6279,9579
6280,9121
6281,7963
6282,7668
6287,6421
6290,8080
6290,8362
6291,8502
6293,7272
6293,8698
6294,6704
6296,6951
6296,8291
6298,8730
6300,7302
6302,7782
6306,7393
6308,8599
6309,9442
6309,9860
6310,9536
6311,6944
6311,9556
6313,8160
6316,7734
6317,7234
6317,7717
6318,9552
6322,6936
6322,7097
6324,6339
6325,6643
6326,6924
6329,9577
6330,7165
6331,8623
6332,7126
6335,9216
6335,9529
6336,6418
6336,7144
6338,6893
6341,7877
6341,8375
6344,8201
6348,9387
6350,7245
6351,9638
6353,6980
6353,8212
6354,9908
6355,8319
6357,6810
6359,7266
6359,8667
6361,8700
6364,7170
6365,9044
6367,7864
6368,9235
6369,6905
6369,9960
6371,8360
6371,8549
6371,9888
6374,8856
6375,8639
6376,7647
6376,9586
6377,9175
6378,7413
6378,8204
6378,9163
6379,6512
6381,6925
6381,8347
6382,7304
6382,9894
6383,9305
6384,6687
6384,7610
6386,7523
6391,9414
6396,8481
6397,9271
6398,6558
6398,9124
6399,6912
6400,9919
6401,8216
6401,9240
6402,7050
6403,8579
6403,8833
6409,7687
6409,8624
6410,9452
6412,7052
6412,8082
6415,8088
6416,6710
6417,6558
6418,8425
6418,9321
6419,8023
6419,9700
6421,8076
6421,9097
6423,7153
6423,8575
6423,9999
6428,8710
6429,6461
6429,7807
6429,9478
6431,7614
6432,9662
6433,6527
6433,6959
6433,7294
6437,7509
6437,7891
6440,6547
6440,8561
6445,7548
6445,8551
6445,9396
6447,7922
6447,8714
6447,9701
6447,9832
6449,6952
6451,8356
6452,7252
6452,8675
6456,7571
6457,7067
6460,8047
6461,9778
6466,8166
6468,9668
6469,8295
6471,9307
6473,6563
6473,9592
6474,6848
6474,7138
6475,7413
6475,9357
6477,8996
6480,6654
6481,7071
6481,7567
6483,6853
6484,8565
6484,9907
6486,9072
6487,7845
6487,8925
6488,6900
6488,6980
6488,7279
6488,7863
6488,9498
6489,9769
6491,8011
6493,6749
6493,8000
6493,8531
6493,9151
6494,6856
6494,8377
6495,6627
6495,8046
6498,8027
6498,9490
6498,9558
6499,9799
6501,8910
6501,9343
6503,9830
6508,6716
6508,9027
6510,9941
6511,8146
6513,7576
6514,8544
6515,9930
6517,8806
6519,8510
6520,9323
6522,8931
6527,6778
6527,9237
6528,6957
6529,6671
6529,8585
6529,9405
6530,7269
6530,7713
6535,8230
6536,8923
6537,7671
6539,9347
6541,8013
6541,9393
6543,8738
6544,7537
6545,8531
6546,6846
6547,7788
6547,9135
6549,7185
6549,9179
6550,6646
6550,6735
6550,9464
6554,7887
6555,9815
6564,8256
6565,6755
6567,8558
6569,6683
6569,7401
6570,7022
6570,8244
6571,7061
6571,7904
6572,7730
6576,8070
6576,8731
6576,9868
6578,6890
6581,7323
6585,8164
6585,9963
6588,9171
6597,9827
6601,9995
6604,8440
6604,8824
6605,6812
6606,8254
6617,8494
6618,7134
6618,7399
6618,9774
6620,8404
6622,9755
6627,9351
6629,7665
6629,9293
6629,9555
6634,7958
6634,8561
6638,7129
6638,7514
6640,7141
6642,9430
6643,7642
6645,6709
6645,8939
6646,7075
6646,7939
6647,9014
6650,6829
6650,9364
6653,8456
6655,9207
6656,8195
6659,7634
6659,7851
6660,9839
6662,9685
6664,7059
6665,7824
6665,9698
6666,7415
6666,8886
6668,9592
6671,7274
6672,7819
6673,7443
6673,8304
6674,8508
6674,8980
6674,9866
6675,7122
6675,7664
6676,8735
6677,9213
6678,7160
6681,8231
6683,8522
6683,9746
6685,8727
6685,9067
6685,9814
6686,9428
6688,7655
6691,7608
6693,8258
6695,6994
6695,8687
6698,7002
6698,8475
6699,9686
6702,9987
6703,7840
6703,8356
6705,7756
6706,7268
6706,7981
6708,7354
6708,9762
6708,9803
6709,6937
6709,7278
6710,8576
6711,9691
6712,7639
6714,7767
6718,9690
6721,8255
6723,7333
6723,8183
6724,6819
6725,9138
6726,8543
6727,7080
6733,8161
6734,7888
6734,9588
6736,7324
6736,9777
6738,8282
6738,9862
6739,7955
6740,7341
6740,9230
6743,7066
6743,7476
6744,7183
6745,7150
6746,8859
6748,8005
6750,9340
6752,8812
6754,8448
6754,9552
6755,9606
6757,8418
6758,7329
6759,9800
6767,8150
6768,7198
6768,9381
6771,9330
6772,9413
6776,8981
6776,9261
6784,7539
6784,9596
6785,7503
6786,9803
6787,9381
6787,9842
6788,9284
6789,7075
6789,7561
6789,9758
6793,6949
6793,9431
6797,6926
6797,7701
6798,9024
6800,8542
6800,9038
6801,7374
6801,8372
6802,8108
6803,8677
6803,9263
6805,7427
6805,8797
6807,7521
6807,9293
6807,9896
6808,7829
6808,8107
6810,9696
6813,8780
6814,8348
6825,6834
6827,7285
6829,8111
6830,8346
6831,7968
6832,7098
6833,7729
6833,9510
6835,8737
6835,9171
6836,9040
6837,8419
6838,7536
6840,7423
6841,8606
6842,7896
6844,7648
6844,7669
6844,9433
6845,7330
6845,8097
6848,8734
6849,8696
6849,9158
6850,7981
6851,9127
6853,8006
6853,8441
6853,9570
6855,9977
6859,7760
6859,8546
6859,8799
6860,7556
6861,8354
6865,7700
6868,7807
6868,9956
6869,7182
6871,8541
6875,7337
6876,9549
6879,8185
6879,9625
6880,7042
6881,9037
6882,7126
6885,9353
6889,9917
6890,7289
6897,9221
6898,8310
6898,8499
6898,8509
6899,7626
6900,9980
6901,9231
6903,6953
6905,8022
6905,9615
6907,7296
6908,8486
6910,8164
6911,8516
6911,9320
6912,9929
6913,7680
6914,7582
6917,9892
6923,9542
6926,9221
6927,9125
6928,9674
6933,9201
6934,9196
6938,7543
6938,7639
6940,9695
6942,7001
6945,7690
6946,9822
6955,7472
6955,8934
6958,8156
6959,7248
6959,7887
6961,8979
6963,9655
6964,8707
6970,7045
6970,8714
6973,8007
6973,9479
6974,7041
6974,8259
6975,8821
6976,8782
6977,9252
6978,8527
6979,8259
6979,9892
6981,8429
6981,8953
6983,8778
6987,9801
6989,9786
6990,7458
6991,8126
6995,7160
6997,7060
7000,7641
7002,7088
7002,9062
7005,9477
7006,8008
7007,9870
7010,7802
7010,8154
7013,9301
7013,9504
7014,8858
7014,8935
7015,9707
7016,9560
7017,7174
7018,9582
7019,8625
7020,7499
7024,8423
7024,9596
7025,7428
7027,7291
7030,9755
7032,8960
7032,9576
7033,8623
7033,9440
7034,7658
7036,8256
7037,7619
7039,7633
7040,8521
7042,8889
7044,7885
7045,7533
7048,7638
7050,8068
7052,7133
7052,8919
7053,8500
7054,8329
7055,7593
7056,9947
7059,9233
7060,7399
7063,9047
7064,8302
7064,8580
7066,9845
7071,8890
7075,9134
7078,8157
7078,9846
7081,7183
7083,7196
7083,8877
7087,7502
7091,7546
7099,8621
7099,8703
7100,8771
7101,8513
7103,9685
7104,8687
7105,9525
7107,8500
7108,8601
7109,9174
7111,9458
7112,9890
7113,7174
7114,7575
7115,7862
7115,8486
7122,9669
7123,8989
7123,9411
7124,7186
7124,9906
7125,7414
7125,7681
7125,7833
7126,7726
7126,7765
7126,8149
7129,8208
7129,8404
7131,9766
7136,7812
7138,8090
7141,7477
7141,9902
7142,8823
7143,7706
7144,7873
7146,7672
7154,7494
7156,7381
7157,9738
7159,7428
7159,9006
7159,9652
7160,7220
7163,9375
7164,8486
7166,7899
7166,9668
7167,8770
7168,8336
7168,8544
7173,8126
7174,7195
7176,7455
7176,7697
7176,9557
7182,8203
7183,8385
7183,8434
7184,8918
7185,8528
7185,9278
7196,9347
7199,9847
7200,8485
7201,9225
7203,7370
7203,9261
7203,9797
7211,7392
7212,7792
7214,8896
7215,8977
7215,9270
7217,7713
7219,8308
7220,8467
7222,8385
7225,7356
7225,9344
7227,9971
7228,9597
7229,7932
7236,8861
7237,8343
7237,9905
7238,8713
7239,7267
7239,7362
7240,9463
7245,9623
7248,9686
7249,9159
7252,7755
7254,9308
7256,7828
7256,8001
7257,7597
7257,7954
7257,9125
7257,9197
7258,8813
7261,7587
7261,7790
7261,8541
7263,7598
7264,7582
7265,9928
7266,7430
7266,9264
7270,9095
7271,8032
7273,9240
7277,9293
7278,8242
7280,7659
7281,9068
7281,9823
7285,9147
7285,9495
7285,9946
7288,8633
7288,8803
7289,9270
7289,9549
7289,9713
7291,9845
7294,9201
7295,8471
7298,9777
7299,9952
7301,9517
7302,7592
7303,8590
7304,7740
7305,7454
7305,7783
7308,7979
7308,9065
7314,9678
7315,9802
7323,8954
7325,7705
7326,7549
7326,8989
7327,7538
7327,9835
7328,8766
7334,9199
7334,9450
7336,8680
7338,7622
7338,9624
7339,7726
7339,7906
7340,8093
7341,9921
7342,8094
7344,7353
7344,9712
7353,8482
7355,7385
7355,8072
7355,8963
7357,9555
7358,8212
7358,9527
7368,9946
7369,7697
7371,8764
7373,9926
7374,9045
7375,7398
7376,9712
7379,7707
7383,8988
7385,9963
7386,9061
7387,9139
7402,7862
7403,9233
7404,9811
7407,8341
7407,9058
7409,8271
7412,9257
7412,9593
7418,8166
7421,9329
7423,8375
7423,8622
7423,9566
7426,9698
7428,9415
7429,8356
7433,7523
7436,8140
7437,7942
7440,8797
7444,8014
7444,9207
7446,8330
7450,7703
7450,8308
7455,8759
7456,9156
7457,9366
7458,7985
7459,8158
7461,7966
7463,8690
7464,8171
7465,9929
7468,9252
7469,9587
7472,8400
7474,7943
7480,8562
7481,8327
7482,7652
7483,7556
7483,8575
7485,9420
7486,8727
7487,8970
7487,9444
7488,8158
7488,9741
7490,8480
7490,9614
7491,9910
7492,9674
7492,9910
7493,9606
7495,8032
7496,7988
7496,8463
7498,9648
7500,9256
7502,7610
7504,9518
7504,9566
7510,7700
7510,9903
7513,9551
7520,8863
7530,7843
7533,8521
7535,8315
7535,8365
7535,9784
7537,8074
7539,9772
7541,8426
7544,8937
7545,8024
7550,7807
7550,7899
7552,9763
7557,8503
7557,9087
7559,8053
7559,8069
7560,9422
7561,8101
7563,7954
7565,8698
7565,8759
7566,9926
7569,8539
7570,8847
7571,7991
7573,8768
7575,8783
7578,9148
7579,9814
7579,9993
7581,8440
7586,9973
7587,7702
7588,7893
7589,7790
7590,8586
7590,8786
7592,9252
7593,8548
7596,8750
7600,8418
7606,7619
7606,8438
7607,8545
7609,7884
7618,9169
7623,8689
7629,8593
7631,8707
7631,9334
7634,9286
7634,9768
7635,8516
7635,8817
7636,9297
7636,9362
7637,8879
7638,9955
7638,9997
7640,9280
7643,7903
7646,7836
7649,9406
7650,9392
7651,8528
7653,8752
7654,9287
7655,9153
7656,9909
7657,8682
7662,9401
7662,9727
7663,9509
7666,7986
7666,8784
7667,9052
7671,8650
7671,9663
7673,8990
7674,8450
7674,9882
7682,9803
7686,7841
7686,9571
7689,9912
7690,9636
7691,7753
7693,9270
7697,9361
7698,7914
7699,8093
7699,9464
7699,9552
7702,8592
7705,8737
7709,9440
7715,9234
7716,9688
7719,7899
7719,9492
7720,9047
7722,9533
7722,9582
7723,8384
7725,8176
7727,8798
7733,8151
7736,8969
7742,9656
7744,8333
7745,9041
7747,7853
7753,9571
7760,9505
7765,9842
7769,8879
7770,8333
7774,9155
7778,8399
7778,9533
7779,8248
7780,9152
7780,9733
7782,9697
7783,8730
7784,9396
7787,9233
7787,9421
7791,8445
7791,8964
7795,8851
7795,9110
7800,8140
7805,7817
7812,8019
7816,9772
7818,9101
7819,8195
7824,9897
7831,8400
7836,8912
7836,9166
7839,9002
7844,8080
7845,8621
7848,7854
7848,8159
7848,9788
7848,9793
7852,8722
7853,9885
7854,9276
7858,9075
7859,7951
7859,8387
7862,8917
7863,8631
7865,8095
7870,8531
7874,8920
7874,9064
7877,9939
7878,9796
7886,8224
7887,9447
7890,8296
7890,9172
7891,7927
7891,8021
7895,9710
7903,9689
7904,9271
7905,9401
7909,8256
7914,9522
7915,9407
7918,8370
7923,9758
7924,8168
7924,8579
7925,7969
7929,8541
7930,9262
7930,9508
7931,9690
7932,9200
7933,8671
7936,8781
7938,8659
7941,9916
7943,9522
7947,9412
7948,9600
7951,8370
7956,8686
7956,9797
7958,8640
7958,9889
7959,8541
7962,9726
7964,9042
7966,8899
7971,8600
7973,8718
7974,9474
7978,8030
7979,9419
7979,9474
7979,9681
7980,9869
7983,8600
7994,8232
7995,8103
7995,8189
7998,8518
7999,8593
8000,9889
8000,9960
8001,8756
8002,8938
8003,9038
8004,8824
8005,8349
8005,8600
8005,9035
8006,9615
8007,8780
8013,8607
8014,9459
8016,9247
8022,8744
8023,9128
8025,8622
8028,8140
8037,8230
8037,9231
8038,9829
8040,9435
8042,8404
8044,8286
8047,9565
8055,9485
8056,9262
8056,9453
8059,9659
8061,8810
8064,9208
8065,8944
8068,9409
8077,8118
8078,8232
8081,8387
8081,9054
8083,8183
8083,9316
8087,9014
8087,9757
8095,8522
8105,9853
8107,8915
8113,9588
8115,9640
8117,8630
8118,9138
8118,9169
8119,8841
8120,8599
8123,8956
8129,9229
8131,8694
8131,9591
8132,9717
8135,9348
8137,9178
8139,9559
8139,9698
8141,8363
8142,8579
8143,9611
8150,8759
8154,8323
8154,9286
8159,9719
8166,9672
8175,9555
8177,9214
8181,8927
8181,9904
8183,8634
8183,8765
8190,8922
8194,8708
8197,9645
8199,8634
8201,9752
8201,9866
8208,9256
8209,9834
8210,8640
8210,9594
8211,8392
8214,8887
8215,8926
8216,8649
8219,8558
8219,8709
8222,9339
8223,8654
8223,9066
8232,8566
8232,9799
8234,9627
8235,8241
8235,8821
8238,9602
8239,9781
8241,8944
8242,8512
8243,8259
8244,9307
8248,9245
8248,9658
8249,9405
8251,9052
8252,8375
8258,8519
8258,9571
8261,9606
8262,9599
8264,8917
8272,9537
8272,9964
8275,8397
8276,9814
8277,8832
8278,9022
8281,8283
8282,9932
8285,9381
8286,8920
8290,9161
8294,8824
8294,9833
8296,8836
8298,9353
8302,8969
8303,9142
8310,9056
8315,9275
8319,8442
8324,9064
8325,9198
8327,8616
8333,8798
8335,8478
8336,9853
8337,9420
8340,9331
8343,8414
8343,8427
8346,9713
8347,8976
8351,9389
8351,9469
8353,9340
8353,9740
8364,9566
8370,8511
8371,9629
8372,8609
8372,8674
8373,8739
8373,8746
8374,9980
8376,8834
8377,9016
8381,9241
8384,8577
8385,9105
8388,8881
8388,8988
8388,9046
8388,9334
8389,9111
8395,8902
8396,9929
8399,9042
8400,8926
8405,8456
8405,9223
8406,9488
8409,9911
8420,8951
8424,9038
8426,8708
8426,9037
8428,9612
8430,9415
8434,8845
8437,8645
8438,8716
8439,8477
8442,8586
8448,8681
8451,9077
8457,8818
8458,8839
8460,8728
8460,9268
8462,8924
8462,9950
8470,9274
8470,9415
8471,8510
8478,9356
8479,8855
8479,9791
8480,9050
8480,9109
8482,8850
8482,9160
8486,8967
8491,8647
8491,9054
8505,9518
8508,8687
8511,9073
8512,9128
8513,9295
8514,8853
8517,8616
8518,9317
8522,9165
8525,8975
8532,9053
8534,8957
8540,8669
8541,9271
8543,8684
8543,9790
8550,9831
8557,8583
8566,9125
8567,9243
8567,9860
8572,9140
8577,9925
8579,8833
8579,9631
8581,8778
8583,9261
8584,8926
8590,9951
8594,8625
8594,9267
8600,8843
8601,9531
8607,8978
8607,9541
8619,9625
8620,9741
8624,9224
8638,9386
8648,9943
8650,8657
8652,9203
8656,9749
8666,8705
8666,9054
8673,9632
8678,9704
8686,9057
8686,9841
8695,9481
8695,9849
8696,9692
8699,9309
8699,9577
8711,8921
8711,9021
8713,9266
8713,9465
8714,8763
8717,9256
8718,9306
8722,9278
8727,9832
8732,9890
8734,9794
8735,9052
8738,9053
8753,9171
8757,8897
8757,9868
8761,8774
8762,8919
8763,8789
8773,9768
8786,8999
8790,8869
8790,9471
8795,9240
8802,8867
8806,9967
8812,8928
8817,9330
8821,8934
8821,9345
8824,9262
8827,9784
8830,8986
8831,8839
8831,9351
8837,8864
8840,9918
8844,8942
8848,9249
8860,9511
8871,9261
8880,9826
8885,9413
8892,9495
8904,9436
8909,9531
8916,9209
8922,9095
8922,9949
8924,9908
8926,9265
8927,9903
8936,9984
8957,9348
8961,9109
8964,9784
8966,9593
8966,9870
8967,9449
8970,9878
8976,9342
8978,8999
8979,9295
8983,9466
8988,9644
8992,9981
8994,9951
8997,9967
9004,9403
9006,9902
9010,9698
9018,9024
9034,9873
9042,9059
9046,9830
9065,9728
9072,9615
9075,9941
9090,9409
9096,9153
9104,9139
9104,9863
9106,9444
9107,9120
9119,9801
9130,9984
9147,9393
9159,9707
9170,9894
9172,9653
9177,9522
9178,9475
9181,9384
9203,9406
9209,9280
9211,9377
9222,9923
9223,9249
9246,9993
9251,9628
9258,9675
9266,9316
9282,9811
9290,9508
9294,9316
9313,9999
9331,9558
9331,9905
9334,9767
9339,9777
9348,9747
9349,9654
9352,9488
9361,9567
9377,9998
9383,9649
9395,9758
9410,9713
9417,9511
9441,9788
9452,9744
9469,9617
9496,9596
9512,9530
9516,9666
9521,9689
9535,9987
9546,9556
9554,9633
9557,9668
9580,9759
9580,9788
9606,9910
9626,9866
9635,9948
9642,9678
9646,9940
9648,9956
9653,9683
9675,9707
9693,9784
9702,9889
9774,9811
9787,9955
9864,9939
9880,9999

